2 4140 112 
4140 4140 
2 307 3 332
4 314 5 338
2 315 6 332
2 315 6 340
2 318 7 336
8 318 9 339
8 323 2 352
4 324 10 338
11 324 2 365
12 328 13 379
2 333 7 351
6 333 2 356
14 334 2 392
15 335 16 382
2 335 8 364
17 336 18 385
2 337 19 371
4 338 10 352
7 338 10 377
20 339 21 387
10 340 7 378
22 341 13 439
6 341 2 357
23 342 24 394
5 342 2 370
18 342 17 389
2 343 25 361
4 344 5 368
26 344 27 383
2 345 6 362
2 345 6 370
19 345 2 382
2 347 8 384
2 348 7 366
28 349 29 424
11 350 2 391
27 350 26 387
30 350 31 393
24 350 32 392
2 351 33 371
2 351 34 383
4 352 10 366
14 352 2 410
2 352 8 381
17 352 35 403
7 353 10 392
8 353 2 382
10 354 7 393
36 354 24 394
2 354 21 417
35 355 37 409
12 358 13 409
24 358 36 398
8 358 2 395
16 359 15 408
38 359 2 410
31 359 30 400
39 360 2 443
2 360 6 377
2 360 6 385
2 360 40 377
25 362 41 402
11 363 2 404
42 363 22 405
6 363 2 386
2 364 33 384
43 364 2 437
15 365 16 415
17 365 18 419
32 366 24 410
24 367 44 476
45 367 46 407
2 367 8 396
7 368 10 407
10 368 7 408
24 368 22 390
2 368 5 398
8 368 2 398
47 369 48 415
2 369 48 430
22 370 13 468
49 370 41 381
2 370 19 404
50 371 2 408
18 371 17 419
6 371 2 387
23 372 24 424
5 372 2 400
51 372 2 401
12 373 13 424
33 373 40 407
2 373 25 388
9 373 8 394
24 373 32 415
2 374 6 399
26 374 27 413
24 375 52 417
2 375 6 392
2 375 40 392
2 375 8 413
19 375 2 412
2 377 33 397
2 377 8 406
11 378 2 419
6 378 2 401
46 378 45 425
16 379 15 428
15 379 16 430
40 379 33 418
53 379 54 404
55 379 2 432
2 380 56 401
2 380 34 412
30 380 31 423
17 380 35 436
13 381 57 480
2 381 21 447
2 382 7 402
2 382 43 448
58 382 59 407
60 382 2 398
10 383 7 423
7 383 10 427
22 383 13 483
24 383 59 434
49 383 41 394
41 383 25 418
2 383 5 413
34 383 2 411
14 384 2 442
35 384 37 441
61 385 24 426
8 385 2 417
27 385 26 426
28 386 29 465
6 386 2 402
33 386 40 421
2 387 8 416
24 388 36 428
2 388 25 406
8 388 2 430
21 388 2 464
24 389 62 414
38 389 2 428
2 389 6 414
25 389 41 435
38 389 2 440
26 389 27 430
31 389 30 431
52 390 24 425
2 390 6 407
52 391 24 434
52 391 24 417
2 391 33 411
63 392 39 448
2 392 22 465
11 393 2 434
42 393 22 435
6 393 2 416
39 393 2 474
2 394 39 478
43 394 2 458
16 394 15 445
40 394 33 433
17 395 18 453
7 395 10 439
47 395 48 446
2 395 48 461
22 395 13 496
15 395 16 446
2 395 64 419
24 396 2 480
41 396 25 436
27 396 26 440
32 396 24 440
2 397 24 477
2 397 8 426
18 398 17 449
24 398 57 420
2 398 5 428
24 398 39 416
23 399 24 454
33 399 40 437
32 400 24 432
6 400 2 417
8 400 2 433
24 400 32 445
45 401 46 441
2 401 19 435
24 402 44 508
5 402 2 430
4 403 10 419
10 403 7 444
12 403 13 454
58 403 24 435
2 404 6 429
2 404 65 425
53 404 54 429
2 404 8 442
66 404 67 432
26 404 27 447
31 404 30 447
24 405 52 447
7 405 10 451
2 405 6 422
52 406 24 432
56 406 2 429
22 407 13 509
24 407 52 447
25 407 41 450
46 407 45 454
2 407 8 436
11 408 2 449
42 408 57 450
16 408 15 461
15 408 16 461
24 408 52 446
6 408 2 432
54 408 2 473
19 408 2 447
2 409 48 475
40 409 33 448
2 409 56 431
17 409 35 469
15 410 17 432
2 410 68 435
2 410 34 442
2 410 21 477
8 410 2 444
27 410 26 455
30 410 31 455
13 411 57 510
37 411 15 430
41 411 25 448
35 412 37 472
10 412 7 454
28 412 29 495
49 412 41 423
60 412 2 428
34 412 2 443
33 413 40 451
2 413 5 443
69 413 70 415
24 414 28 467
36 414 24 461
48 415 2 493
32 415 24 447
6 415 2 432
70 415 54 425
26 416 27 462
15 416 71 425
62 416 24 443
2 417 7 438
5 417 2 445
8 417 2 460
2 417 8 446
39 418 2 502
24 418 36 458
21 418 2 493
24 419 62 444
7 419 10 465
2 419 6 444
25 419 41 465
31 419 30 463
32 419 24 470
24 420 2 481
24 420 58 456
52 420 24 455
29 420 28 497
2 420 6 437
8 420 2 456
2 420 39 506
52 421 24 464
10 421 7 464
15 421 16 476
52 421 24 454
64 421 2 446
2 422 22 495
57 422 13 524
2 422 72 456
20 422 73 440
30 422 31 470
74 422 75 451
2 423 48 489
11 423 2 464
16 423 15 479
6 423 2 449
17 424 18 482
40 424 33 463
2 424 54 491
41 425 25 466
2 425 64 449
45 425 46 470
54 425 76 430
77 425 55 453
27 425 26 470
71 425 15 435
24 426 2 510
13 426 22 525
2 426 8 469
78 427 2 457
33 427 40 467
65 427 2 448
2 427 8 456
79 427 80 447
79 427 81 447
79 427 82 448
2 428 5 458
18 429 17 482
2 429 19 464
26 429 27 477
48 430 2 507
32 430 24 467
59 430 24 484
6 430 2 447
72 430 2 464
8 430 2 468
76 430 54 440
24 430 32 475
10 431 7 474
7 431 10 477
24 432 58 468
2 432 6 458
5 432 2 460
83 432 9 443
67 432 66 464
31 432 30 478
54 433 38 444
14 434 2 492
2 434 65 455
17 434 35 494
84 435 85 469
2 435 24 513
29 435 24 456
2 435 6 453
30 435 31 485
24 435 52 477
15 436 16 491
52 436 24 471
56 436 2 459
52 436 24 479
2 437 48 503
22 437 13 539
58 437 24 478
24 437 52 477
36 437 24 484
25 437 41 480
68 437 2 459
2 437 56 461
20 437 73 455
2 437 8 466
16 438 15 494
24 438 52 476
6 438 2 464
2 438 21 507
2 438 86 473
35 438 17 493
52 439 24 488
40 439 33 478
53 439 54 464
19 439 2 479
15 440 17 462
41 440 25 478
2 440 68 465
8 440 2 478
27 440 26 485
4 441 10 459
7 441 10 487
13 441 57 540
46 441 45 488
2 441 34 473
10 442 7 485
2 442 43 508
28 442 29 525
24 442 59 497
33 442 40 482
34 442 2 473
37 443 15 462
2 443 5 473
9 443 83 453
24 444 58 482
26 444 27 492
17 444 18 502
32 445 24 482
24 445 36 485
6 445 2 462
2 445 6 473
2 445 8 474
54 445 54 467
48 446 2 521
8 446 2 491
73 446 20 460
31 446 30 493
15 446 71 455
62 446 24 473
38 447 2 489
36 447 24 494
5 447 2 475
58 448 24 491
21 448 2 523
24 449 62 474
32 449 87 496
58 449 24 477
25 449 41 495
2 449 72 486
52 449 88 478
32 449 24 500
18 449 37 508
24 450 52 492
2 450 89 472
15 450 16 505
29 450 28 527
2 450 6 468
8 450 2 488
30 450 31 500
81 450 90 476
39 450 2 534
52 451 24 494
7 451 10 497
16 451 15 507
64 451 2 476
80 451 90 478
75 451 74 479
2 452 39 536
2 452 48 518
57 452 13 554
20 452 73 470
79 452 74 478
10 453 7 496
43 453 2 521
52 453 24 488
2 453 8 486
82 453 90 480
17 454 35 514
52 454 24 503
59 454 24 511
6 454 2 480
40 454 33 493
45 454 46 499
41 455 25 496
2 455 64 484
2 455 8 499
27 455 26 500
71 455 15 465
24 456 2 539
13 456 22 555
33 457 40 497
65 457 2 478
2 457 54 524
2 457 19 492
79 457 81 477
35 457 17 513
58 458 24 501
2 458 5 488
2 458 43 539
6 459 2 477
55 459 77 483
26 459 27 507
15 460 16 515
24 460 52 507
32 460 24 497
2 460 6 488
72 460 2 493
8 460 2 498
24 460 32 505
10 461 7 502
7 461 10 507
48 461 2 533
16 461 15 517
73 461 20 475
31 461 30 508
91 462 48 496
5 462 2 490
83 462 9 473
2 463 8 496
2 464 65 489
66 464 67 492
92 464 93 489
18 464 17 520
17 464 18 522
24 465 52 507
2 465 89 487
2 465 6 483
30 465 31 515
52 466 24 509
2 466 24 542
56 466 2 489
22 467 13 569
29 467 24 488
25 467 41 510
68 467 2 489
2 467 56 491
20 467 73 485
54 467 70 475
87 467 74 481
2 468 48 533
24 468 52 506
52 468 24 503
54 468 2 533
19 468 2 508
85 469 84 495
52 469 24 518
6 469 2 495
40 469 33 508
15 470 16 525
58 470 24 513
15 470 17 495
24 470 24 488
41 470 25 508
2 470 68 495
46 470 45 517
8 470 2 508
27 470 26 515
10 471 7 512
7 471 10 517
13 471 57 570
16 471 15 527
28 472 29 555
33 472 40 512
2 472 34 504
35 472 37 536
2 473 5 503
8 473 2 515
9 473 83 483
34 473 2 501
2 473 8 506
94 473 95 500
37 474 15 493
36 474 24 520
6 474 2 492
26 474 27 522
17 474 35 534
48 475 2 547
32 475 24 512
24 475 36 515
2 475 6 503
70 475 54 485
89 476 2 492
24 476 58 514
73 476 20 490
31 476 30 523
15 476 71 485
62 476 24 503
91 477 48 511
2 477 72 516
5 477 2 505
21 478 2 553
96 478 96 535
10 479 7 522
24 479 2 561
25 479 41 525
52 479 88 508
32 479 24 530
24 479 62 504
96 480 96 536
24 480 52 522
2 480 89 502
2 480 97 496
15 480 16 535
24 480 24 498
29 480 28 557
2 480 6 498
8 480 2 518
30 480 31 530
88 480 52 507
81 480 90 506
39 480 2 564
7 481 10 527
16 481 15 537
74 481 98 512
52 481 24 524
57 482 13 584
24 482 29 506
20 482 73 500
74 482 79 507
90 482 80 507
90 482 81 507
90 482 82 508
74 482 75 511
2 482 39 566
44 483 24 590
24 483 52 521
52 483 24 518
2 483 8 516
2 484 97 500
58 484 24 527
24 484 24 502
52 484 24 533
6 484 2 510
40 484 33 523
18 484 17 543
2 485 48 550
41 485 25 526
2 485 64 514
2 485 8 529
54 485 76 490
77 485 55 513
27 485 26 530
71 485 15 495
13 486 22 585
64 486 2 511
2 487 54 554
17 487 18 545
2 488 5 518
45 488 46 531
2 488 19 523
24 488 24 506
48 489 2 561
6 489 2 507
26 489 27 537
10 490 7 532
15 490 16 545
24 490 52 537
32 490 24 527
2 490 6 518
33 490 40 527
72 490 2 526
8 490 2 528
76 490 54 500
89 491 2 507
7 491 10 536
16 491 15 547
65 491 2 512
73 491 20 505
31 491 30 538
24 492 24 510
5 492 2 520
83 492 9 503
67 492 66 524
2 493 8 526
2 494 24 570
78 494 2 523
91 494 48 528
24 494 24 512
2 494 65 519
84 495 85 529
24 495 52 537
2 495 89 517
2 495 6 513
54 495 38 506
30 495 31 545
24 495 32 540
35 496 17 555
52 496 24 539
48 496 99 502
56 496 2 519
19 496 2 535
93 496 92 523
24 496 24 514
22 497 13 599
25 497 41 540
68 497 2 519
2 497 56 521
20 497 73 515
17 497 35 557
24 498 26 513
52 498 24 533
2 498 21 567
52 499 24 548
29 499 24 520
6 499 2 525
40 499 33 538
46 499 45 547
15 500 16 557
15 500 17 525
24 500 24 518
41 500 25 538
2 500 68 525
8 500 2 537
27 500 26 545
24 500 24 518
10 501 7 542
7 501 10 545
2 501 48 566
13 501 57 600
16 501 15 557
2 502 34 534
48 503 2 575
2 503 5 533
8 503 2 545
9 503 83 513
36 504 24 547
6 504 2 522
33 504 40 542
34 504 2 531
26 504 27 552
18 504 37 566
24 504 24 522
28 505 29 583
24 505 36 545
59 505 24 558
2 505 6 533
54 505 54 527
62 506 24 533
89 506 2 522
73 506 20 520
31 506 30 553
15 506 71 515
17 507 18 565
2 507 72 546
5 507 2 535
95 507 94 533
24 508 24 526
21 508 2 583
2 508 8 541
39 508 2 592
24 509 62 534
38 509 2 551
25 509 41 555
52 509 88 538
32 509 24 560
2 510 89 532
15 510 16 570
37 510 15 529
29 510 28 587
2 510 6 528
8 510 2 547
30 510 31 560
88 510 52 537
81 510 90 536
24 510 52 552
52 511 24 554
10 511 2 530
7 511 10 555
48 511 99 517
16 511 15 568
24 511 58 547
80 511 90 538
75 511 74 539
57 512 13 614
24 512 24 530
24 512 29 536
20 512 73 530
90 512 81 537
79 512 74 538
2 512 39 596
24 513 52 551
52 513 24 548
82 513 90 540
7 514 2 533
43 514 2 581
52 514 24 552
44 514 24 620
24 514 59 569
24 514 24 532
6 514 2 540
40 514 33 553
41 515 25 556
2 515 64 544
27 515 26 560
71 515 15 525
98 515 74 539
35 516 17 571
24 516 2 594
2 516 48 581
13 516 22 615
58 516 24 554
24 516 24 534
64 516 2 541
17 517 35 577
45 517 46 561
48 518 2 590
2 518 5 548
2 518 43 599
2 518 19 553
6 519 2 537
55 519 77 543
15 520 16 580
24 520 24 538
24 520 24 538
2 520 6 548
33 520 40 557
72 520 2 556
8 520 2 555
26 520 27 565
89 521 2 537
10 521 7 562
16 521 15 578
59 521 24 572
65 521 2 542
73 521 20 535
5 522 2 550
83 522 9 533
31 522 30 567
2 523 8 562
7 524 10 567
2 524 24 600
2 524 65 549
2 524 8 556
66 524 67 552
92 524 93 549
24 524 24 542
2 525 89 547
24 525 24 543
2 525 6 543
30 525 31 575
24 525 32 570
24 525 52 567
24 526 52 567
56 526 2 549
52 526 24 569
22 527 13 629
25 527 41 570
68 527 2 549
2 527 56 551
20 527 73 545
19 527 2 564
54 527 70 535
17 527 18 585
48 528 99 534
24 528 24 546
24 528 26 543
52 528 24 563
24 528 24 546
54 528 2 590
18 528 17 581
85 529 84 555
15 529 16 590
29 529 24 550
6 529 2 555
40 529 33 568
41 530 25 568
2 530 68 555
8 530 2 565
27 530 26 575
10 531 7 572
2 531 48 596
13 531 57 630
16 531 15 588
46 531 45 577
24 532 24 550
15 532 17 557
2 532 34 564
48 533 2 605
2 533 5 563
8 533 2 575
9 533 83 543
94 533 95 560
36 534 24 577
24 534 24 552
6 534 2 552
34 534 2 561
28 535 29 613
2 535 6 563
33 535 40 572
70 535 54 545
26 535 27 580
62 536 24 563
35 536 37 596
89 536 2 552
73 536 20 550
15 536 71 545
24 536 24 554
17 537 35 597
2 537 72 576
5 537 2 565
31 537 30 582
39 538 2 622
37 538 15 557
96 538 96 595
24 539 62 564
25 539 41 585
24 540 52 582
96 540 96 596
2 540 89 562
16 540 15 598
15 540 16 601
24 540 24 558
29 540 28 618
24 540 24 558
2 540 6 558
88 540 52 567
81 540 90 566
10 541 7 582
24 541 58 577
2 541 8 571
30 541 31 590
74 541 98 572
52 541 24 584
57 542 13 644
20 542 73 558
74 542 79 567
90 542 80 567
90 542 81 567
90 542 82 568
74 542 75 571
2 542 39 626
7 544 10 587
24 544 2 622
24 544 24 562
52 544 24 582
24 544 29 566
6 544 2 570
40 544 33 583
43 544 2 620
32 544 24 590
24 545 24 563
41 545 25 586
2 545 64 570
8 545 2 580
54 545 76 550
77 545 55 573
27 545 26 590
71 545 15 555
2 546 48 611
13 546 22 645
64 546 2 571
17 547 18 605
2 547 54 614
45 547 46 591
24 548 24 566
24 548 24 566
2 548 5 578
18 548 17 601
16 549 15 608
58 549 24 587
6 549 2 567
2 549 19 583
48 550 2 622
2 550 6 578
33 550 40 587
72 550 2 586
76 550 54 560
26 550 27 595
89 551 2 567
10 551 7 592
24 551 52 581
65 551 2 572
73 551 20 565
5 552 2 580
67 552 66 584
31 552 30 597
24 552 24 570
7 554 10 597
2 554 24 630
24 554 24 572
2 554 65 575
84 555 85 589
2 555 89 577
15 555 16 616
2 555 6 573
2 555 8 593
24 555 32 600
24 555 52 597
52 556 24 599
52 556 24 584
56 556 2 579
2 556 8 586
30 556 31 605
93 556 92 583
24 556 24 574
22 557 13 659
25 557 41 600
68 557 2 579
2 557 56 581
20 557 73 573
19 557 2 594
54 558 38 569
2 558 21 627
17 559 35 619
6 559 2 585
40 559 33 598
24 560 24 578
24 560 24 578
41 560 25 598
2 560 68 585
8 560 2 595
27 560 26 605
10 561 7 602
24 561 52 597
46 561 45 607
35 561 37 621
13 562 2 585
2 562 34 594
2 563 5 593
36 564 24 607
6 564 2 582
34 564 2 591
24 564 24 582
16 565 15 624
28 565 29 643
24 565 24 583
2 565 6 593
33 565 40 602
54 565 54 587
26 565 27 610
89 566 2 582
48 566 2 638
15 566 17 588
8 566 2 608
73 566 20 580
15 566 71 575
62 566 24 593
2 567 72 606
5 567 2 595
95 567 94 593
31 567 30 612
39 568 2 652
37 568 15 587
24 568 24 586
21 568 2 643
24 568 24 586
24 569 62 594
7 569 10 612
25 569 41 615
2 570 89 592
15 570 16 631
52 570 24 608
29 570 28 648
2 570 6 588
81 570 90 596
24 571 58 607
2 571 8 601
30 571 31 620
80 571 90 598
75 571 74 599
52 571 24 614
24 572 2 650
57 572 100 601
64 572 2 597
38 572 54 584
20 572 73 588
90 572 81 597
79 572 74 598
2 572 39 656
24 572 24 590
82 573 90 600
7 574 2 592
24 574 59 625
24 574 24 592
6 574 2 600
40 574 33 613
32 574 24 620
17 575 18 633
24 575 29 597
41 575 25 616
2 575 64 600
73 575 20 589
8 575 2 610
27 575 26 620
71 575 15 585
98 575 74 599
10 576 7 617
2 576 48 641
13 576 22 675
24 576 24 594
65 577 2 598
45 577 46 621
18 578 17 631
2 578 5 608
2 578 43 659
58 579 24 617
6 579 2 597
2 579 19 613
16 580 15 639
24 580 24 598
2 580 6 608
33 580 40 617
72 580 2 616
26 580 27 625
24 580 24 598
89 581 2 597
48 581 2 653
24 581 52 611
59 581 24 632
5 582 2 610
31 582 30 627
7 584 10 627
2 584 24 660
24 584 24 602
2 584 65 605
66 584 67 612
92 584 93 609
24 585 52 627
2 585 89 607
15 585 16 646
2 585 6 603
2 585 8 623
24 585 32 630
52 586 24 629
52 586 24 614
56 586 2 609
2 586 8 616
30 586 31 635
22 587 13 689
25 587 41 630
68 587 2 609
2 587 56 611
20 587 73 603
19 587 2 624
54 587 70 595
24 588 24 606
24 588 24 606
54 588 2 650
85 589 55 598
6 589 2 615
40 589 33 628
41 590 25 628
2 590 68 615
73 590 20 604
8 590 2 625
27 590 26 635
17 590 35 650
10 591 7 632
24 591 52 627
46 591 45 637
35 591 37 651
13 592 2 615
24 592 24 610
2 592 34 624
28 593 29 674
101 593 33 602
2 593 5 623
94 593 95 620
6 594 2 612
34 594 2 621
16 595 15 654
2 595 6 623
33 595 40 632
70 595 54 605
26 595 27 640
62 596 24 623
89 596 2 612
48 596 2 668
15 596 17 618
15 596 71 605
24 596 24 614
5 597 2 625
8 597 2 639
31 597 30 642
37 598 15 617
20 598 73 614
96 598 96 655
39 598 2 682
7 599 10 642
25 599 41 645
2 599 72 636
52 599 88 628
96 600 96 656
2 600 89 622
15 600 16 661
24 600 24 618
52 600 24 638
24 600 24 618
2 600 6 618
81 600 90 626
102 601 48 625
24 601 58 637
2 601 8 631
30 601 31 650
74 601 98 632
52 601 24 644
24 602 2 680
57 602 100 631
64 602 2 627
74 602 79 627
90 602 80 627
90 602 81 627
90 602 82 628
74 602 75 631
2 602 39 686
29 603 28 676
6 604 2 630
40 604 33 643
43 604 2 677
32 604 24 650
24 604 24 622
17 605 18 663
24 605 29 627
41 605 25 646
2 605 64 630
73 605 20 619
8 605 2 640
54 605 76 610
27 605 26 650
71 605 15 615
10 606 7 647
2 606 48 671
13 606 22 705
65 607 2 628
2 607 54 674
45 607 46 651
24 608 24 626
33 608 101 616
2 608 5 638
18 608 17 661
24 608 24 626
58 609 24 647
6 609 2 627
2 609 19 643
55 609 77 633
16 610 15 669
2 610 6 638
33 610 40 647
72 610 2 646
76 610 54 620
26 610 27 655
89 611 2 627
48 611 2 683
24 611 52 641
5 612 2 640
67 612 66 644
31 612 30 657
24 612 24 630
24 613 44 717
7 614 10 657
2 614 24 690
2 614 65 635
73 614 20 628
24 615 52 657
2 615 89 637
15 615 16 676
2 615 6 633
2 615 8 653
24 615 32 660
24 616 24 634
52 616 24 644
56 616 2 639
2 616 8 646
30 616 31 665
93 616 92 643
22 617 13 719
25 617 41 660
68 617 2 639
2 617 56 641
19 617 2 654
54 618 38 629
2 618 21 687
6 619 2 645
40 619 33 658
41 620 25 658
2 620 68 645
8 620 2 655
27 620 26 665
17 620 35 680
24 620 24 638
10 621 7 662
24 621 52 657
46 621 45 667
35 621 37 681
2 622 43 688
13 622 2 645
2 622 34 654
37 623 15 642
28 623 29 704
101 623 33 632
2 623 5 653
24 624 24 642
6 624 2 642
34 624 2 651
48 625 102 656
16 625 15 684
2 625 6 653
33 625 40 662
54 625 54 647
26 625 27 670
89 626 2 642
15 626 17 648
15 626 71 635
5 627 2 655
8 627 2 669
95 627 94 653
31 627 30 672
39 628 2 712
24 628 24 646
21 628 2 703
20 628 73 644
24 628 24 646
24 629 62 654
7 629 10 673
25 629 41 675
2 630 89 652
15 630 16 691
52 630 24 668
2 630 6 648
88 630 52 657
81 630 79 651
102 631 48 655
24 631 58 667
30 631 31 680
80 631 79 652
75 631 74 659
52 631 24 674
2 632 39 716
24 632 2 710
100 632 57 660
57 632 100 661
24 632 24 650
64 632 2 657
38 632 54 644
90 632 81 657
79 632 74 658
29 633 28 708
82 633 79 654
24 634 59 685
6 634 2 660
40 634 33 673
32 634 24 680
17 635 18 693
65 635 103 655
41 635 25 676
2 635 64 660
8 635 2 670
77 635 55 663
27 635 26 680
71 635 15 645
98 635 74 659
10 636 7 677
2 636 48 701
13 636 22 735
2 636 8 666
24 636 24 654
65 637 2 658
45 637 46 681
18 638 17 691
33 638 101 646
2 638 5 668
58 639 24 677
6 639 2 657
2 639 19 673
16 640 15 699
2 640 6 668
33 640 40 677
72 640 2 676
26 640 27 685
24 640 24 658
89 641 2 657
48 641 2 716
24 641 52 671
59 641 24 692
5 642 2 670
24 643 44 747
31 643 30 691
7 644 10 689
2 644 24 720
2 644 65 665
73 644 20 658
66 644 67 672
92 644 93 669
24 645 52 687
2 645 89 667
15 645 16 706
24 645 24 663
2 645 6 663
2 645 8 683
24 645 32 690
52 646 24 674
56 646 2 669
30 646 31 695
22 647 13 749
25 647 41 690
68 647 2 669
2 647 56 671
19 647 2 684
54 647 70 655
54 648 2 710
6 649 2 675
40 649 33 688
41 650 25 688
2 650 68 675
8 650 2 685
2 650 8 681
27 650 26 695
17 650 35 710
24 650 24 668
10 651 7 692
24 651 52 687
46 651 45 697
13 652 2 675
2 652 34 684
35 653 37 713
37 653 15 672
28 653 29 734
101 653 33 662
2 653 5 683
94 653 95 680
6 654 2 672
34 654 2 681
48 655 102 687
16 655 15 714
33 655 40 692
70 655 54 665
26 655 27 700
24 655 24 673
62 656 24 683
89 656 2 672
15 656 17 678
2 656 6 684
15 656 71 665
2 657 13 679
5 657 2 685
8 657 2 699
31 657 30 705
39 658 2 742
20 658 73 674
96 658 96 715
7 659 10 704
25 659 41 705
2 659 72 696
52 659 88 688
96 660 96 716
2 660 89 682
15 660 16 721
52 660 24 698
2 660 6 678
81 660 90 686
24 660 24 678
52 661 24 704
102 661 48 685
24 661 58 697
30 661 31 710
74 661 98 692
2 662 39 746
24 662 2 740
100 662 57 690
57 662 100 691
64 662 2 687
74 662 79 687
74 662 75 691
29 663 28 740
6 664 2 690
40 664 33 703
43 664 2 737
32 664 24 710
41 665 25 706
2 665 64 690
2 665 8 696
54 665 76 670
27 665 26 710
71 665 15 675
17 665 18 723
24 665 24 683
10 666 7 710
2 666 48 731
13 666 22 765
2 666 19 700
65 667 2 688
2 667 54 734
45 667 46 711
79 667 80 687
79 667 81 687
79 667 82 688
18 668 37 731
33 668 101 676
2 668 5 698
58 669 24 707
6 669 2 687
55 669 77 693
89 670 2 686
16 670 15 729
24 670 24 688
33 670 40 707
8 670 2 705
76 670 54 680
26 670 27 715
48 671 2 746
24 671 52 701
2 671 6 699
5 672 2 700
67 672 66 704
31 672 30 720
2 673 24 750
7 674 10 719
2 674 65 695
73 674 20 688
2 675 89 697
15 675 16 736
24 675 24 693
2 675 6 693
2 675 8 713
24 675 32 720
24 675 52 717
52 676 24 704
56 676 2 699
30 676 31 727
93 676 92 703
22 677 13 779
25 677 41 720
68 677 2 699
2 677 56 701
2 677 21 746
19 677 2 714
54 678 38 689
6 679 2 705
40 679 33 718
17 680 35 740
41 680 25 718
2 680 68 705
2 680 8 711
27 680 26 725
24 680 24 698
10 681 7 725
13 681 2 704
24 681 58 717
24 681 52 717
46 681 45 727
2 681 34 713
2 682 43 748
35 682 17 739
16 683 15 742
37 683 15 702
28 683 29 764
101 683 33 692
2 683 5 713
2 684 6 714
34 684 2 711
89 685 2 701
48 685 102 717
6 685 2 703
33 685 40 722
8 685 2 720
54 685 54 707
26 685 27 730
24 685 24 703
15 686 17 708
15 686 71 695
2 687 13 709
5 687 2 715
8 687 2 729
95 687 94 713
31 687 30 736
39 688 2 772
21 688 2 763
20 688 73 704
7 689 10 734
2 689 6 707
25 689 41 735
24 689 62 714
2 690 89 712
65 690 103 710
15 690 16 751
24 690 24 708
52 690 24 728
88 690 52 717
81 690 90 716
102 691 48 715
80 691 90 718
75 691 74 719
52 691 24 733
24 692 2 770
100 692 57 720
57 692 100 721
29 692 28 770
64 692 2 717
38 692 54 704
90 692 81 717
79 692 74 718
2 692 39 776
2 693 19 729
30 693 31 745
82 693 90 720
43 694 2 761
24 694 59 745
6 694 2 720
40 694 33 733
32 694 24 740
41 695 25 736
2 695 64 720
2 695 8 726
77 695 55 723
27 695 26 740
71 695 15 705
98 695 74 719
17 695 18 753
24 695 24 713
10 696 7 740
2 696 48 761
13 696 22 795
2 696 56 720
65 697 2 718
45 697 46 741
16 698 15 757
33 698 101 706
2 698 72 735
2 698 5 728
2 698 86 733
58 699 24 737
18 700 37 762
89 700 2 716
24 700 24 718
6 700 2 718
33 700 40 737
72 700 2 736
8 700 2 735
26 700 27 745
48 701 2 776
24 701 52 731
59 701 24 752
2 702 24 780
5 702 2 730
31 702 30 751
2 703 6 733
24 704 52 747
7 704 10 749
2 704 6 722
2 704 65 725
73 704 20 718
19 704 2 741
66 704 67 732
92 704 93 729
15 705 16 766
24 705 24 723
2 705 8 743
2 706 89 728
52 706 24 734
56 706 2 729
22 707 13 809
25 707 41 750
68 707 2 729
54 707 70 715
6 708 2 734
54 708 2 770
30 708 31 760
24 708 32 755
40 709 33 748
24 710 24 728
41 710 25 748
2 710 68 735
2 710 8 741
27 710 26 755
17 710 35 770
10 711 7 755
13 711 2 734
24 711 58 747
46 711 45 757
35 712 17 770
16 713 15 772
15 713 17 735
28 713 29 798
101 713 33 722
2 713 5 743
9 713 83 723
34 713 2 740
94 713 95 740
2 714 34 746
89 715 2 731
48 715 102 747
37 715 15 734
6 715 2 733
33 715 40 752
8 715 2 750
70 715 54 725
26 715 27 760
24 715 24 733
62 716 24 743
15 716 71 725
2 717 13 739
5 717 2 745
8 717 2 759
31 717 30 766
24 718 52 758
2 718 6 748
20 718 73 734
96 718 96 775
39 718 2 804
7 719 10 764
58 719 24 757
2 719 6 737
25 719 41 765
52 719 88 748
96 720 96 776
15 720 16 781
24 720 24 738
52 720 24 758
81 720 90 746
2 721 89 743
102 721 48 745
74 721 98 752
52 721 24 763
24 722 2 800
100 722 57 750
57 722 100 751
29 722 28 800
64 722 2 747
74 722 79 747
90 722 80 747
90 722 81 747
90 722 82 748
74 722 75 751
2 722 39 806
6 723 2 749
2 723 19 759
30 723 31 775
44 724 24 830
40 724 33 763
32 724 24 770
13 725 22 826
24 725 24 743
41 725 25 766
56 725 2 748
2 725 64 750
2 725 8 756
54 725 76 730
27 725 26 770
71 725 15 735
17 725 18 784
10 726 7 770
2 726 48 791
2 726 56 750
65 727 2 748
2 727 54 794
45 727 46 771
18 728 37 793
16 728 15 787
33 728 101 736
2 728 65 749
2 728 5 758
55 729 77 753
89 730 2 746
24 730 24 748
33 730 40 767
8 730 2 765
76 730 54 740
26 730 27 775
48 731 2 806
24 731 52 761
5 732 2 760
83 732 9 743
67 732 66 764
31 732 30 781
37 733 15 752
2 733 6 763
19 733 2 770
24 734 52 777
7 734 10 779
2 734 24 814
6 734 2 752
2 734 6 752
73 734 20 748
15 735 16 796
24 735 24 753
2 735 8 773
2 736 89 758
52 736 24 764
2 736 21 806
93 736 92 763
22 737 13 839
25 737 41 780
68 737 2 759
17 737 35 799
6 738 2 764
54 738 38 749
30 738 31 790
24 739 58 777
40 739 33 778
72 739 2 775
41 740 25 778
2 740 68 765
86 740 2 774
2 740 8 771
27 740 26 785
24 740 24 758
10 741 7 785
13 741 2 764
46 741 45 787
2 742 43 808
16 743 15 803
15 743 17 765
28 743 29 828
33 743 40 782
101 743 33 752
2 743 5 773
9 743 83 753
24 743 32 790
35 743 17 805
2 744 34 776
89 745 2 761
48 745 102 777
24 745 24 763
8 745 2 780
54 745 54 767
26 745 27 790
34 746 2 773
2 747 13 769
5 747 2 775
8 747 2 789
21 747 2 822
95 747 94 773
31 747 30 796
24 748 52 788
2 748 6 778
20 748 73 764
39 748 2 835
7 749 10 794
58 749 24 787
6 749 2 767
2 749 6 767
25 749 41 795
15 750 16 811
88 750 52 777
81 750 90 776
24 750 24 768
52 751 24 793
102 751 48 775
65 751 2 772
80 751 90 778
75 751 74 779
24 752 2 830
100 752 57 780
57 752 100 781
29 752 28 830
64 752 2 777
38 752 54 764
90 752 81 777
79 752 74 778
2 752 39 836
6 753 2 779
2 753 19 789
30 753 31 805
82 753 90 780
17 753 18 814
43 754 2 821
13 754 22 856
44 754 24 863
24 754 59 805
40 754 33 793
2 754 8 786
2 755 89 777
24 755 24 773
41 755 25 796
56 755 2 778
2 755 64 780
77 755 55 783
27 755 26 800
98 755 74 779
24 755 62 780
10 756 7 800
2 756 48 821
2 756 56 780
45 757 46 801
15 757 71 765
18 758 37 823
16 758 15 820
33 758 40 797
33 758 101 766
2 758 72 795
2 758 65 779
2 758 5 788
2 758 43 839
32 759 24 805
89 760 2 776
24 760 24 778
59 760 24 813
8 760 2 795
26 760 27 805
48 761 2 836
52 761 24 799
24 761 52 791
5 762 2 790
2 762 8 803
83 762 9 773
31 762 30 811
2 763 6 793
19 763 2 800
24 764 52 807
7 764 10 809
2 764 24 844
37 764 15 783
6 764 2 782
2 764 6 782
73 764 20 778
66 764 67 792
92 764 93 789
15 765 16 826
24 765 24 783
71 765 15 776
52 766 24 797
22 767 13 869
25 767 41 810
68 767 2 789
54 767 70 775
17 767 35 829
6 768 2 794
54 768 2 830
30 768 31 820
24 769 58 807
40 769 33 808
2 769 8 801
2 770 89 792
41 770 25 808
2 770 68 795
27 770 26 815
24 770 24 788
10 771 7 815
13 771 2 794
46 771 45 817
2 773 13 795
16 773 15 835
28 773 29 858
33 773 40 812
101 773 33 782
2 773 5 803
9 773 83 783
94 773 95 800
35 773 17 835
15 774 17 796
2 774 34 806
24 774 32 821
48 775 102 807
8 775 2 810
70 775 54 785
26 775 27 820
24 775 24 793
34 776 2 803
5 777 2 805
8 777 2 819
31 777 30 826
24 778 52 818
2 778 6 808
20 778 73 794
96 778 96 835
39 778 2 865
7 779 10 824
58 779 24 817
6 779 2 797
2 779 6 797
25 779 41 825
96 780 96 836
89 780 2 796
15 780 16 841
81 780 90 806
24 780 24 798
52 781 24 823
102 781 48 805
100 781 57 810
65 781 2 802
74 781 98 812
62 782 24 809
24 782 2 860
57 782 100 811
29 782 28 860
64 782 2 807
74 782 79 807
90 782 80 807
90 782 81 807
90 782 82 808
74 782 75 811
2 782 39 866
13 783 22 886
6 783 2 809
2 783 19 819
2 783 8 816
30 783 31 835
17 783 18 843
40 784 33 823
2 785 89 807
41 785 25 826
56 785 2 808
2 785 64 810
54 785 76 790
27 785 26 832
24 785 24 803
10 786 7 830
2 786 48 851
2 786 56 810
2 787 54 854
45 787 46 831
15 787 71 795
18 788 37 853
16 788 15 850
33 788 40 827
33 788 101 796
2 788 65 809
2 788 5 818
55 789 77 813
8 790 2 825
76 790 54 800
26 790 27 835
24 790 24 808
48 791 2 866
52 791 24 829
24 791 52 821
2 791 8 833
5 792 2 820
83 792 9 803
67 792 66 824
31 792 30 841
2 793 6 823
19 793 2 830
24 794 52 837
7 794 10 839
2 794 24 874
6 794 2 812
73 794 20 808
32 794 24 840
89 795 2 811
15 795 16 856
24 795 24 813
37 795 15 814
71 795 15 806
52 796 24 827
2 796 21 866
93 796 92 823
13 797 57 902
22 797 13 899
24 797 58 837
25 797 41 840
68 797 2 819
6 798 2 824
54 798 38 809
8 798 9 819
2 798 8 831
30 798 31 850
17 798 35 860
2 799 6 817
40 799 33 838
72 799 2 835
2 800 89 822
41 800 25 838
2 800 68 825
27 800 26 847
24 800 24 818
10 801 7 845
16 801 15 863
46 801 45 847
35 801 17 863
2 803 13 825
28 803 29 888
33 803 40 842
101 803 33 812
2 803 5 833
9 803 83 813
15 804 17 826
2 804 34 836
24 804 32 853
48 805 102 837
8 805 2 841
54 805 54 827
26 805 27 850
24 805 24 823
24 806 52 836
34 806 2 833
5 807 2 835
8 807 2 849
21 807 2 882
95 807 94 833
31 807 30 856
24 808 52 848
2 808 6 838
20 808 73 824
39 808 2 895
58 809 24 847
6 809 2 827
25 809 41 855
24 809 52 852
89 810 2 826
15 810 16 871
81 810 90 836
24 810 24 828
52 811 24 853
102 811 48 835
65 811 2 832
80 811 90 838
75 811 74 839
2 812 39 896
7 812 10 857
100 812 57 842
13 812 22 917
57 812 100 841
29 812 28 890
64 812 2 837
38 812 54 824
90 812 81 837
79 812 74 838
2 813 19 849
2 813 8 846
30 813 31 865
82 813 90 840
17 813 18 873
43 814 2 881
24 814 59 865
2 814 6 832
40 814 33 853
24 815 62 840
2 815 89 837
24 815 24 833
41 815 25 856
56 815 2 838
2 815 64 840
77 815 55 843
27 815 26 863
98 815 74 839
10 816 7 860
24 816 2 894
2 816 48 881
16 816 15 878
2 816 56 840
18 816 37 881
24 817 58 858
45 817 46 861
15 817 71 825
59 818 24 872
6 818 2 844
33 818 40 857
33 818 101 826
2 818 72 855
2 818 65 839
2 818 5 848
2 818 43 899
8 820 2 857
26 820 27 865
24 820 24 838
48 821 2 896
52 821 24 859
24 821 52 851
2 821 8 863
5 822 2 850
83 822 9 833
31 822 30 871
15 823 16 884
2 823 6 853
19 823 2 860
2 824 24 904
6 824 2 842
73 824 20 838
66 824 67 852
92 824 93 849
24 824 52 867
89 825 2 841
37 825 15 844
71 825 15 836
32 825 24 871
24 825 24 843
52 826 24 857
13 827 57 932
25 827 41 870
68 827 2 849
54 827 70 835
2 828 38 868
22 828 13 930
54 828 2 890
2 828 8 861
30 828 31 880
17 828 35 890
15 829 17 851
2 829 6 847
40 829 33 868
2 830 89 852
7 830 10 875
24 830 24 848
41 830 25 869
2 830 68 856
27 830 26 878
35 831 17 893
4 831 10 849
10 831 7 875
16 831 15 893
46 831 45 877
2 833 13 855
28 833 29 918
6 833 2 859
33 833 40 872
101 833 33 842
2 833 5 863
9 833 83 843
94 833 95 860
2 834 34 866
24 834 32 884
48 835 102 867
24 835 24 853
24 835 59 886
8 835 2 872
70 835 54 845
26 835 27 880
24 836 52 866
34 836 2 863
24 837 36 882
5 837 2 865
8 837 2 879
31 837 30 886
39 838 2 925
15 838 16 899
24 838 52 878
2 838 6 868
20 838 73 854
96 838 96 895
58 839 24 877
6 839 2 857
25 839 41 885
52 839 88 868
24 839 52 882
96 840 96 896
89 840 2 857
81 840 90 866
24 840 24 858
52 841 24 883
10 841 7 885
102 841 48 865
100 841 57 871
29 841 28 920
52 841 24 872
65 841 2 862
74 841 98 872
2 842 39 926
62 842 24 869
7 842 10 887
13 842 22 947
64 842 2 870
2 842 54 914
74 842 79 867
90 842 80 867
90 842 81 867
90 842 82 868
74 842 75 871
17 843 18 903
2 843 19 879
2 843 8 876
30 843 31 895
57 844 100 873
2 844 6 862
40 844 33 883
41 844 25 886
43 844 2 920
24 845 62 870
2 845 89 867
24 845 24 863
56 845 2 868
2 845 64 872
54 845 76 850
27 845 26 893
24 846 2 928
2 846 48 911
16 846 15 908
2 846 56 870
18 846 37 911
24 847 58 888
24 847 44 956
45 847 46 891
15 847 71 855
2 848 7 870
6 848 2 874
33 848 40 887
33 848 101 856
2 848 72 885
2 848 65 869
2 848 5 878
24 849 32 884
55 849 77 873
8 850 2 887
76 850 54 860
26 850 27 895
24 850 24 868
4 851 10 869
10 851 7 895
48 851 2 926
52 851 24 889
24 851 52 881
2 851 8 893
7 852 10 897
5 852 2 880
83 852 9 863
67 852 66 884
31 852 30 901
15 853 16 914
2 853 6 883
9 853 8 874
19 853 2 890
17 853 35 915
24 854 52 897
2 854 24 934
6 854 2 872
73 854 20 868
89 855 2 872
24 855 24 873
37 855 15 874
71 855 15 866
52 856 24 887
2 856 21 926
93 856 92 883
13 857 57 962
25 857 41 900
32 857 24 903
22 858 13 960
15 858 17 880
68 858 2 880
54 858 38 869
2 858 8 891
30 858 31 910
40 859 33 898
41 859 25 898
72 859 2 895
2 860 89 882
58 860 24 898
24 860 24 878
24 860 36 905
2 860 6 878
2 860 68 886
27 860 26 908
10 861 7 905
2 861 48 926
16 861 15 923
46 861 45 907
7 862 10 907
35 862 17 924
2 863 13 885
15 863 16 924
28 863 29 948
6 863 2 889
33 863 40 902
101 863 33 872
2 863 5 893
9 863 83 873
2 864 34 898
24 864 32 914
48 865 2 940
8 865 2 902
54 865 54 887
26 865 27 910
24 865 24 883
24 866 52 896
34 866 2 893
17 867 18 927
5 867 2 895
8 867 2 909
21 867 2 942
95 867 94 893
31 867 30 916
24 868 52 908
2 868 6 898
20 868 73 884
39 868 2 955
6 869 2 887
24 869 52 912
89 870 2 887
24 870 24 888
25 870 41 916
88 870 52 897
81 870 79 891
55 871 85 884
52 871 24 913
10 871 7 915
102 871 48 895
29 871 28 953
52 871 24 902
65 871 2 892
80 871 79 892
75 871 74 899
2 872 39 957
62 872 24 899
7 872 10 917
13 872 22 977
38 872 54 884
90 872 81 897
79 872 74 898
57 873 13 975
15 873 16 934
2 873 19 909
2 873 8 906
30 873 31 925
82 873 79 894
40 874 33 913
41 874 25 916
64 874 2 902
24 875 62 900
2 875 89 897
2 875 48 940
2 875 6 893
56 875 2 898
2 875 64 902
77 875 55 903
27 875 26 923
98 875 74 899
24 875 24 893
24 876 2 958
16 876 15 938
2 876 56 900
18 876 37 941
24 877 44 986
45 877 46 921
15 877 71 885
24 878 58 919
59 878 24 932
33 878 40 917
33 878 101 886
2 878 72 915
2 878 65 899
2 878 5 908
2 878 43 959
24 879 32 914
6 879 2 905
24 880 24 898
8 880 2 917
26 880 27 925
10 881 7 925
2 881 24 961
48 881 2 956
52 881 24 919
24 881 52 911
2 881 8 923
7 882 10 927
5 882 2 910
83 882 9 893
31 882 30 931
17 882 35 944
15 883 16 944
37 883 15 902
2 883 6 913
19 883 2 920
2 883 8 916
85 884 84 915
6 884 2 902
73 884 20 898
66 884 67 912
92 884 93 909
24 884 52 927
89 885 2 902
71 885 15 896
24 885 24 903
15 886 17 908
52 886 24 917
2 886 21 956
13 887 57 992
25 887 41 930
54 887 70 895
2 888 38 928
22 888 13 990
16 888 15 950
68 888 2 910
54 888 2 953
30 888 31 940
32 888 24 934
40 889 33 928
41 889 25 928
72 889 2 925
2 890 89 912
2 890 48 955
58 890 24 928
24 890 36 935
2 890 6 908
2 890 68 916
27 890 26 938
24 890 24 908
10 891 7 935
46 891 45 937
35 892 17 954
7 892 10 937
2 893 13 915
15 893 16 954
28 893 29 978
33 893 40 932
101 893 33 902
2 893 5 923
9 893 83 903
2 893 8 926
94 893 95 920
36 894 24 941
6 894 2 920
2 894 34 929
24 894 32 944
48 895 2 970
24 895 24 913
24 895 59 947
8 895 2 932
70 895 54 905
26 895 27 940
24 896 52 938
24 896 52 926
17 897 18 957
5 897 2 925
8 897 2 939
31 897 30 946
39 898 2 985
16 898 15 960
2 898 6 928
34 898 2 926
20 898 73 914
96 898 96 955
6 899 2 917
25 899 41 945
52 899 88 928
24 899 52 942
96 900 96 956
89 900 2 917
24 900 24 918
81 900 90 926
52 901 24 943
10 901 7 945
29 901 28 985
52 901 24 932
65 901 2 922
74 901 98 932
7 902 10 947
13 902 22 1007
2 902 54 974
74 902 79 927
74 902 75 931
62 902 24 929
2 903 39 987
15 903 16 964
2 903 19 939
2 903 8 936
30 903 31 955
2 904 48 970
57 904 13 1006
40 904 33 943
41 904 25 946
64 904 2 932
43 904 2 980
2 905 89 927
2 905 6 923
2 905 65 926
56 905 2 928
2 905 64 932
54 905 76 910
27 905 26 953
24 905 62 930
24 905 24 923
24 906 52 941
2 906 56 930
18 906 37 971
24 907 2 989
45 907 46 951
15 907 71 915
79 907 80 927
79 907 81 927
79 907 82 928
16 908 15 970
24 908 58 949
59 908 24 962
33 908 40 947
33 908 101 916
2 908 72 945
2 908 5 938
24 909 32 944
6 909 2 935
55 909 77 933
24 910 24 928
24 910 59 962
8 910 2 947
76 910 54 920
26 910 27 955
17 910 35 972
10 911 7 955
2 911 24 991
48 911 2 986
52 911 24 952
2 911 8 953
7 912 10 957
15 912 16 974
5 912 2 940
83 912 9 923
67 912 66 944
31 912 30 961
37 913 15 932
2 913 6 943
19 913 2 950
2 913 8 946
24 914 52 957
6 914 2 932
73 914 20 928
89 915 2 932
104 915 65 935
24 915 24 933
71 915 15 928
52 916 24 947
2 916 21 986
93 916 92 943
35 917 17 979
84 917 85 939
13 917 57 1022
25 917 41 960
2 918 43 987
16 918 15 980
68 918 2 940
54 918 38 929
30 918 31 970
32 918 24 964
2 919 48 985
22 919 13 1021
15 919 17 941
87 919 32 963
40 919 33 958
41 919 25 958
72 919 2 955
2 920 89 942
24 920 36 965
2 920 6 938
2 920 68 946
8 920 2 958
27 920 26 968
24 920 24 938
10 921 7 965
58 921 24 959
24 921 52 956
46 921 45 967
7 922 10 967
15 922 16 985
2 923 13 945
28 923 29 1008
33 923 40 962
101 923 33 932
2 923 5 953
9 923 83 933
2 923 8 956
17 923 18 983
24 924 52 968
36 924 24 971
6 924 2 950
2 924 34 959
24 924 32 974
24 925 24 943
54 925 54 947
26 925 27 970
48 926 2 1001
73 926 20 943
18 926 17 986
5 927 2 955
8 927 2 969
21 927 2 1002
95 927 94 953
31 927 30 976
16 928 15 990
2 928 6 958
65 928 2 949
39 928 2 1014
6 929 2 947
25 929 41 975
34 929 2 957
24 929 52 972
17 930 35 992
89 930 2 947
24 930 24 948
8 930 2 969
88 930 52 957
81 930 90 956
10 931 7 975
29 931 28 1015
52 931 24 962
2 931 8 964
80 931 90 958
75 931 74 959
52 931 24 973
7 932 10 977
13 932 22 1037
15 932 16 995
38 932 54 944
20 932 73 948
90 932 81 957
79 932 74 958
62 932 24 959
2 933 39 1017
2 933 19 969
30 933 31 985
82 933 90 960
35 934 37 1001
2 934 48 1000
57 934 13 1036
40 934 33 973
41 934 25 976
64 934 2 962
2 935 89 957
2 935 6 953
2 935 65 956
56 935 2 958
2 935 64 962
77 935 55 963
27 935 26 983
98 935 74 959
24 935 62 960
24 935 24 953
24 936 52 971
2 936 56 960
24 937 2 1019
45 937 46 981
15 937 71 945
16 938 15 1000
24 938 58 979
33 938 40 977
33 938 101 946
2 938 72 975
2 938 5 968
24 939 32 974
6 939 2 965
48 940 2 1015
24 940 59 993
8 940 2 979
26 940 27 987
24 940 24 958
10 941 7 985
2 941 24 1021
15 941 16 1005
52 941 24 982
2 941 8 983
73 941 20 958
7 942 10 987
5 942 2 970
83 942 9 953
31 942 30 991
37 943 15 962
2 943 6 973
19 943 2 980
2 943 8 976
17 943 18 1003
85 944 84 975
6 944 2 962
66 944 67 972
92 944 93 969
24 944 52 987
89 945 2 962
71 945 15 958
24 945 24 963
52 946 24 977
2 946 21 1016
18 946 17 1006
13 947 57 1052
25 947 41 990
20 947 73 963
54 947 70 955
2 948 38 988
16 948 15 1010
24 948 52 998
68 948 2 972
54 948 2 1013
30 948 31 1000
32 948 24 994
2 949 48 1015
22 949 13 1051
15 949 17 971
40 949 33 988
72 949 2 985
2 950 89 972
24 950 24 968
24 950 36 995
2 950 6 968
41 950 25 989
2 950 68 976
8 950 2 990
27 950 26 998
10 951 7 995
58 951 24 993
24 951 52 986
46 951 45 997
7 952 10 997
15 952 16 1016
17 953 35 1015
33 953 40 992
101 953 33 962
2 953 5 983
9 953 83 963
2 953 8 986
94 953 95 980
35 954 17 1016
36 954 24 1001
6 954 2 980
2 954 34 989
24 954 32 1004
48 955 2 1030
24 955 59 1009
70 955 54 965
26 955 27 1002
24 955 24 973
73 956 20 973
16 957 15 1019
28 957 29 1042
5 957 2 985
8 957 2 999
31 957 30 1006
2 958 6 988
65 958 2 979
96 958 96 1015
24 959 52 1002
39 959 2 1044
6 959 2 977
25 959 41 1005
34 959 2 987
52 959 88 987
96 960 96 1016
89 960 2 977
24 960 24 978
8 960 2 1000
81 960 90 986
52 961 24 1003
10 961 7 1005
24 961 58 1009
29 961 28 1045
52 961 24 992
74 961 98 992
7 962 10 1007
13 962 22 1067
15 962 16 1026
24 962 29 989
2 962 54 1034
20 962 73 978
74 962 79 987
90 962 80 987
90 962 81 987
90 962 82 988
74 962 75 991
62 962 24 989
2 963 39 1046
44 963 24 1074
2 963 19 1000
2 963 8 996
30 963 31 1017
17 963 18 1023
24 964 2 1046
2 964 48 1030
57 964 13 1064
40 964 33 1004
41 964 25 1006
64 964 2 994
43 964 2 1040
24 965 62 990
2 965 89 987
2 965 6 983
2 965 65 986
56 965 2 988
2 965 64 992
54 965 76 970
27 965 26 1013
24 965 24 983
18 966 37 1031
24 966 52 1001
2 966 56 990
16 967 15 1029
45 967 46 1011
15 967 71 975
33 968 40 1007
33 968 101 976
2 968 72 1005
2 968 5 998
8 968 2 1008
24 969 32 1010
59 969 24 1027
6 969 2 995
55 969 77 993
48 970 2 1045
76 970 54 980
26 970 27 1019
24 970 24 988
10 971 7 1015
2 971 24 1051
52 971 24 1012
2 971 8 1013
73 971 20 988
7 972 10 1017
15 972 16 1036
5 972 2 1000
83 972 9 983
67 972 66 1004
31 972 30 1021
37 973 15 992
2 973 6 1003
19 973 2 1010
2 973 8 1006
17 973 35 1035
6 974 2 992
35 974 17 1036
24 974 52 1017
89 975 2 992
71 975 15 988
24 975 24 993
52 976 24 1007
93 976 92 1003
52 976 24 1018
84 977 85 999
13 977 57 1082
16 977 15 1043
24 977 36 1026
25 977 41 1020
20 977 73 993
2 978 43 1048
24 978 52 1028
68 978 2 1002
54 978 38 989
30 978 31 1032
32 978 24 1024
2 979 48 1045
22 979 2 1056
15 979 17 1001
40 979 33 1020
41 979 25 1018
72 979 2 1015
2 980 89 1002
24 980 24 998
2 980 6 998
2 980 68 1006
8 980 2 1020
27 980 26 1028
10 981 7 1025
58 981 24 1023
29 981 24 1000
24 981 52 1016
46 981 45 1027
7 982 10 1027
17 983 18 1043
15 983 16 1047
33 983 40 1022
2 983 5 1013
9 983 83 993
2 983 8 1016
36 984 24 1031
6 984 2 1010
2 984 34 1019
24 984 32 1034
48 985 2 1059
24 985 24 1003
24 985 59 1041
2 985 21 1051
54 985 54 1007
26 985 27 1034
2 986 78 1011
73 986 20 1003
18 986 17 1046
16 987 15 1053
28 987 29 1072
5 987 2 1015
8 987 2 1029
21 987 2 1058
95 987 94 1013
31 987 30 1036
2 988 6 1018
65 988 2 1012
24 989 52 1032
39 989 2 1075
6 989 2 1007
34 989 2 1017
52 989 88 1017
88 989 52 1017
89 990 2 1007
24 990 58 1041
25 990 41 1034
86 990 2 1024
8 990 2 1030
81 990 90 1016
24 990 24 1008
52 991 24 1033
10 991 7 1035
29 991 28 1075
52 991 24 1022
80 991 90 1018
75 991 74 1019
7 992 10 1037
13 992 22 1095
38 992 54 1004
20 992 73 1008
2 992 8 1026
90 992 81 1017
79 992 74 1018
62 992 24 1019
17 993 35 1055
2 993 48 1059
44 993 24 1097
30 993 31 1047
82 993 90 1020
2 993 39 1076
43 994 2 1061
24 994 2 1075
57 994 13 1093
40 994 33 1035
41 994 25 1036
64 994 2 1025
35 994 37 1061
24 995 62 1020
2 995 89 1017
24 995 24 1013
24 995 29 1019
2 995 6 1013
2 995 65 1016
56 995 2 1018
2 995 64 1022
77 995 55 1023
27 995 26 1043
98 995 74 1019
24 996 52 1031
2 996 56 1020
16 997 15 1063
45 997 46 1041
2 997 19 1034
15 997 71 1005
15 998 16 1062
33 998 40 1037
2 998 72 1036
2 998 5 1028
24 999 32 1040
6 999 2 1025
48 1000 2 1072
24 1000 24 1018
24 1000 59 1056
8 1000 2 1040
26 1000 27 1049
10 1001 7 1045
2 1001 24 1075
52 1001 24 1042
73 1001 20 1018
7 1002 10 1047
5 1002 2 1030
2 1002 8 1044
83 1002 9 1013
2 1002 8 1036
31 1002 30 1051
17 1003 18 1063
37 1003 15 1022
85 1004 84 1035
6 1004 2 1022
2 1004 6 1034
19 1004 2 1041
66 1004 67 1032
92 1004 93 1029
24 1004 52 1047
89 1005 2 1022
71 1005 15 1022
24 1005 24 1023
52 1006 24 1037
18 1006 17 1066
52 1006 24 1048
16 1007 15 1073
24 1007 36 1055
25 1007 41 1048
20 1007 73 1023
54 1007 70 1015
2 1008 38 1048
13 1008 57 1110
15 1008 16 1072
24 1008 52 1058
68 1008 2 1032
54 1008 2 1073
30 1008 31 1062
32 1008 24 1054
2 1009 48 1075
22 1009 2 1083
40 1009 33 1050
41 1009 25 1048
72 1009 2 1045
2 1010 89 1032
2 1010 6 1028
2 1010 68 1036
8 1010 2 1050
27 1010 26 1058
24 1010 24 1028
10 1011 7 1055
58 1011 24 1053
24 1011 52 1046
46 1011 45 1057
2 1011 8 1046
7 1012 10 1057
29 1012 24 1031
33 1013 40 1052
2 1013 5 1043
9 1013 83 1023
2 1013 21 1079
94 1013 95 1040
17 1013 35 1075
36 1014 24 1061
6 1014 2 1040
2 1014 34 1049
24 1014 32 1064
48 1015 2 1088
24 1015 24 1033
70 1015 54 1025
26 1015 27 1064
2 1016 78 1041
15 1016 17 1038
73 1016 20 1033
35 1017 17 1079
28 1017 29 1102
5 1017 2 1045
8 1017 2 1059
16 1018 15 1084
15 1018 16 1082
65 1018 2 1042
96 1018 96 1075
24 1019 58 1070
6 1019 2 1037
2 1019 6 1049
25 1019 41 1063
34 1019 2 1047
31 1019 30 1068
88 1019 52 1047
39 1019 2 1105
24 1019 52 1062
96 1020 96 1076
89 1020 2 1037
8 1020 2 1058
81 1020 90 1046
24 1020 24 1038
52 1021 24 1062
10 1021 7 1065
29 1021 28 1105
52 1021 24 1052
74 1021 98 1052
62 1022 24 1049
7 1022 10 1067
20 1022 73 1038
2 1022 8 1056
74 1022 79 1047
90 1022 80 1047
90 1022 81 1047
90 1022 82 1048
74 1022 75 1051
13 1023 22 1124
30 1023 31 1077
17 1023 18 1083
24 1024 2 1102
2 1024 48 1090
57 1024 2 1098
40 1024 33 1065
41 1024 25 1066
64 1024 2 1055
24 1025 62 1050
2 1025 89 1047
2 1025 6 1043
2 1025 65 1046
56 1025 2 1048
2 1025 64 1052
54 1025 76 1030
27 1025 26 1073
2 1025 39 1104
24 1025 24 1043
18 1026 37 1091
24 1026 29 1050
24 1026 52 1061
2 1026 56 1050
45 1027 46 1071
2 1027 19 1064
15 1027 71 1035
2 1028 72 1064
2 1028 5 1058
24 1029 32 1070
59 1029 24 1087
6 1029 2 1054
33 1029 40 1068
55 1029 77 1053
48 1030 2 1105
24 1030 24 1048
8 1030 2 1065
76 1030 54 1040
26 1030 27 1079
10 1031 7 1075
2 1031 24 1104
52 1031 24 1072
73 1031 20 1048
7 1032 10 1077
5 1032 2 1060
2 1032 54 1090
2 1032 8 1074
83 1032 9 1043
2 1032 8 1066
67 1032 66 1064
16 1033 15 1099
15 1033 16 1098
37 1033 15 1052
24 1034 52 1077
31 1034 30 1083
89 1035 2 1052
6 1035 2 1052
71 1035 15 1052
52 1036 24 1077
52 1036 24 1067
93 1036 92 1063
24 1036 24 1054
35 1037 37 1104
84 1037 85 1059
2 1037 6 1067
25 1037 41 1078
20 1037 73 1053
2 1038 43 1108
2 1038 48 1103
13 1038 57 1139
24 1038 52 1088
68 1038 2 1062
54 1038 38 1049
19 1038 2 1075
30 1038 31 1092
32 1038 24 1082
22 1039 12 1090
40 1039 33 1076
41 1039 25 1078
17 1040 35 1102
2 1040 89 1062
2 1040 6 1058
72 1040 2 1076
2 1040 68 1066
8 1040 2 1074
27 1040 26 1088
10 1041 7 1085
24 1041 52 1076
46 1041 45 1087
7 1042 10 1087
58 1043 24 1081
24 1043 24 1061
2 1043 5 1073
9 1043 83 1053
29 1044 24 1063
36 1044 24 1087
24 1044 36 1085
6 1044 2 1068
2 1044 34 1079
2 1044 21 1109
2 1044 8 1076
24 1044 32 1094
48 1045 2 1120
24 1045 59 1099
54 1045 54 1067
26 1045 27 1094
15 1046 17 1068
33 1046 40 1083
73 1046 20 1063
5 1047 2 1075
95 1047 94 1073
39 1048 2 1132
65 1048 2 1071
8 1048 2 1086
24 1049 24 1067
28 1049 29 1125
25 1049 41 1093
34 1049 2 1077
31 1049 30 1098
52 1049 88 1077
24 1049 52 1092
89 1050 2 1067
2 1050 78 1073
6 1050 2 1067
8 1050 2 1083
81 1050 90 1076
10 1051 2 1070
16 1051 15 1108
15 1051 16 1109
80 1051 79 1072
75 1051 74 1079
52 1051 24 1092
7 1052 10 1097
29 1052 28 1126
38 1052 54 1064
21 1052 2 1120
20 1052 73 1068
90 1052 81 1077
79 1052 74 1078
62 1052 24 1079
18 1053 37 1118
30 1053 31 1107
82 1053 79 1074
17 1053 18 1113
43 1054 2 1122
24 1054 2 1131
57 1054 2 1125
40 1054 33 1090
41 1054 25 1096
64 1054 2 1079
2 1055 89 1077
2 1055 48 1118
2 1055 6 1073
2 1055 6 1085
2 1055 65 1076
56 1055 2 1078
2 1055 64 1082
77 1055 55 1083
27 1055 26 1100
98 1055 74 1079
24 1055 62 1080
24 1056 29 1080
24 1056 52 1091
2 1056 56 1080
2 1056 8 1086
24 1056 24 1074
45 1057 46 1101
15 1057 71 1065
2 1057 39 1134
2 1058 5 1088
2 1058 43 1139
2 1058 19 1094
48 1059 2 1130
13 1059 22 1154
24 1059 32 1100
59 1059 24 1117
6 1059 2 1083
33 1059 40 1098
2 1059 72 1094
8 1060 2 1093
26 1060 27 1109
10 1061 7 1105
2 1061 24 1132
24 1061 58 1098
52 1061 24 1102
73 1061 20 1078
7 1062 10 1107
5 1062 2 1090
83 1062 9 1073
24 1063 24 1081
37 1063 15 1082
24 1064 52 1107
85 1064 84 1095
66 1064 67 1092
31 1064 30 1108
92 1064 105 1076
89 1065 2 1082
71 1065 15 1079
52 1066 24 1107
16 1066 15 1123
15 1066 16 1124
52 1066 24 1097
2 1066 8 1104
2 1066 8 1096
33 1067 2 1080
25 1067 41 1108
20 1067 73 1083
54 1067 70 1075
2 1068 38 1108
6 1068 2 1084
72 1068 2 1103
68 1068 2 1090
54 1068 2 1130
19 1068 2 1104
32 1068 24 1112
35 1069 37 1129
22 1069 12 1116
24 1069 24 1087
17 1070 35 1126
2 1070 89 1090
2 1070 6 1087
40 1070 33 1105
41 1070 25 1108
2 1070 68 1090
8 1070 2 1103
27 1070 26 1115
30 1070 31 1118
10 1071 7 1115
2 1071 48 1134
46 1071 45 1117
58 1072 24 1107
2 1072 21 1139
2 1073 6 1101
2 1073 5 1103
9 1073 83 1083
29 1074 24 1093
36 1074 24 1111
24 1074 36 1115
6 1074 2 1098
2 1074 34 1109
24 1074 32 1118
7 1075 10 1119
48 1075 2 1146
13 1075 57 1169
70 1075 54 1085
26 1075 27 1120
24 1076 24 1094
73 1076 20 1093
2 1076 8 1106
24 1077 106 1128
5 1077 2 1105
33 1078 40 1113
65 1078 2 1098
8 1078 2 1114
39 1078 2 1161
2 1079 78 1102
24 1079 52 1118
28 1079 29 1155
25 1079 41 1123
34 1079 2 1107
31 1079 30 1123
88 1079 52 1107
89 1080 2 1095
8 1080 2 1111
81 1080 90 1106
10 1081 2 1100
16 1081 15 1138
74 1081 87 1090
52 1081 24 1122
62 1082 24 1109
7 1082 2 1100
15 1082 17 1104
29 1082 28 1156
20 1082 73 1098
74 1082 79 1107
90 1082 81 1107
74 1082 75 1111
15 1083 16 1137
17 1083 18 1137
57 1084 2 1152
64 1084 2 1109
24 1085 62 1110
18 1085 37 1143
2 1085 6 1101
40 1085 33 1120
2 1085 65 1106
56 1085 2 1106
54 1085 76 1090
27 1085 26 1130
30 1085 31 1133
6 1086 2 1102
2 1086 56 1110
2 1086 8 1116
2 1087 89 1106
41 1087 25 1126
15 1087 71 1095
2 1088 39 1164
24 1088 29 1112
6 1088 2 1112
2 1088 5 1118
2 1088 19 1122
24 1089 32 1120
55 1089 77 1113
48 1090 2 1160
8 1090 2 1121
76 1090 54 1100
52 1091 24 1132
24 1091 44 1191
73 1091 20 1108
24 1092 52 1121
68 1092 2 1114
5 1092 2 1120
2 1092 54 1150
67 1092 66 1124
10 1093 7 1134
33 1093 40 1128
7 1094 10 1136
2 1094 24 1146
24 1094 52 1137
89 1095 2 1110
71 1095 15 1105
52 1096 24 1137
16 1096 15 1153
52 1096 24 1122
2 1096 8 1126
24 1096 24 1114
22 1097 24 1117
25 1097 41 1138
20 1097 73 1113
15 1098 16 1152
2 1098 6 1114
72 1098 2 1133
54 1098 38 1109
2 1098 8 1136
19 1098 2 1134
32 1098 24 1142
24 1099 58 1136
40 1100 33 1135
2 1100 60 1118
8 1100 2 1131
58 1101 24 1136
46 1101 45 1147
6 1102 2 1118
41 1102 25 1138
48 1103 91 1141
6 1103 2 1127
36 1104 24 1141
24 1104 36 1145
2 1104 6 1131
2 1104 34 1136
26 1104 27 1145
24 1104 32 1148
2 1105 89 1124
2 1105 21 1169
54 1105 54 1127
30 1105 31 1153
73 1106 20 1123
39 1106 2 1184
17 1106 35 1162
24 1107 2 1181
13 1107 22 1199
5 1107 2 1135
35 1107 37 1167
10 1108 7 1148
2 1108 11 1142
33 1108 40 1143
65 1108 2 1126
8 1108 2 1144
28 1109 29 1185
25 1109 41 1153
34 1109 2 1135
31 1109 30 1153
89 1110 2 1125
2 1110 107 1163
21 1110 2 1178
8 1110 2 1141
81 1110 79 1131
52 1111 24 1152
16 1111 15 1168
62 1112 24 1139
10 1112 2 1130
7 1112 10 1151
57 1112 2 1180
38 1112 54 1123
2 1112 8 1142
15 1113 16 1167
24 1113 59 1163
29 1114 28 1183
24 1115 62 1140
40 1115 33 1150
2 1115 108 1132
77 1115 55 1143
43 1116 2 1181
24 1116 24 1134
6 1116 2 1140
41 1116 2 1132
2 1116 109 1130
27 1117 26 1159
2 1118 39 1194
48 1118 2 1185
24 1118 29 1142
2 1118 5 1148
2 1118 19 1151
59 1119 24 1170
2 1119 72 1154
60 1120 2 1136
8 1120 2 1151
2 1121 89 1140
73 1121 20 1138
2 1122 43 1194
32 1122 24 1166
2 1123 24 1175
33 1123 40 1158
5 1124 2 1152
66 1124 67 1152
89 1126 2 1141
10 1126 7 1163
22 1126 24 1146
16 1126 15 1183
52 1126 24 1152
19 1126 2 1162
24 1126 52 1167
7 1127 10 1166
25 1127 41 1168
54 1127 70 1135
15 1128 16 1182
2 1128 6 1144
54 1128 38 1138
2 1128 8 1166
2 1130 38 1168
28 1130 29 1206
40 1130 33 1165
2 1130 60 1148
8 1130 2 1161
37 1131 18 1189
2 1131 55 1176
2 1131 8 1161
6 1132 2 1148
41 1132 25 1171
27 1132 26 1174
48 1134 2 1201
36 1134 24 1171
2 1134 6 1161
109 1134 2 1147
108 1134 2 1150
2 1134 34 1166
26 1134 27 1175
24 1134 32 1178
24 1135 58 1169
70 1135 69 1137
30 1135 31 1183
24 1136 24 1154
34 1136 2 1162
39 1136 24 1151
2 1138 11 1172
33 1138 40 1173
2 1139 24 1210
58 1139 24 1174
25 1139 41 1183
31 1139 30 1183
52 1139 88 1167
18 1139 37 1197
8 1140 2 1176
52 1141 24 1182
10 1141 7 1178
57 1141 2 1209
16 1141 15 1198
89 1142 2 1157
7 1142 10 1181
62 1142 24 1169
15 1143 16 1197
29 1144 28 1213
44 1145 24 1244
6 1145 2 1167
40 1145 33 1180
41 1146 2 1162
2 1146 109 1160
43 1146 2 1213
8 1146 2 1177
2 1148 39 1224
2 1148 5 1178
2 1148 19 1180
55 1149 77 1173
27 1149 26 1191
60 1150 2 1166
2 1152 89 1171
2 1152 110 1162
67 1152 66 1184
32 1152 24 1195
2 1153 24 1205
33 1153 40 1188
24 1154 106 1205
5 1154 2 1182
24 1154 62 1179
19 1155 2 1191
10 1156 7 1193
22 1156 24 1176
24 1156 24 1174
24 1156 52 1197
7 1157 10 1196
2 1158 22 1229
72 1158 2 1193
54 1158 38 1168
2 1158 8 1196
28 1160 29 1236
36 1160 24 1197
2 1160 6 1176
40 1160 33 1195
2 1160 60 1178
2 1161 55 1206
2 1161 8 1191
37 1161 35 1221
6 1162 2 1178
41 1162 25 1198
110 1162 2 1173
2 1164 6 1191
109 1164 2 1177
26 1164 27 1205
24 1164 32 1208
8 1165 2 1196
35 1165 37 1225
34 1166 2 1192
30 1166 31 1214
39 1166 2 1243
2 1169 14 1216
33 1169 40 1203
31 1169 30 1213
8 1170 2 1206
21 1170 2 1237
10 1171 7 1208
57 1171 2 1239
16 1171 15 1228
58 1171 24 1204
52 1171 24 1212
7 1172 10 1211
25 1172 41 1213
38 1172 54 1183
88 1172 52 1197
89 1173 2 1188
15 1173 16 1227
29 1174 28 1243
40 1175 33 1210
2 1175 108 1192
77 1175 55 1203
41 1176 2 1192
2 1176 109 1190
24 1176 24 1194
6 1177 2 1200
2 1178 5 1208
24 1179 2 1229
2 1179 72 1214
27 1179 26 1221
60 1180 2 1196
62 1181 24 1208
2 1182 89 1201
33 1182 2 1195
2 1182 43 1254
32 1182 24 1225
2 1183 24 1235
5 1184 2 1212
19 1184 2 1217
66 1184 67 1212
41 1185 25 1224
24 1186 52 1227
10 1186 7 1223
7 1187 10 1226
2 1188 22 1259
54 1188 38 1198
2 1188 8 1226
28 1189 29 1265
2 1189 8 1219
40 1190 2 1205
2 1190 60 1208
37 1191 18 1249
2 1191 19 1223
6 1192 2 1208
2 1194 6 1210
109 1194 2 1207
108 1194 2 1210
2 1194 34 1226
26 1194 27 1235
24 1194 32 1238
8 1195 2 1226
39 1196 24 1211
24 1196 58 1230
2 1196 6 1221
111 1196 57 1208
30 1196 31 1244
24 1196 24 1214
18 1197 37 1255
2 1199 24 1270
33 1199 40 1233
25 1199 41 1243
31 1199 30 1243
52 1199 88 1227
8 1200 2 1236
10 1201 7 1238
16 1201 15 1258
52 1201 24 1242
7 1202 10 1241
38 1202 54 1213
89 1203 2 1218
22 1203 2 1271
44 1205 24 1304
40 1205 2 1220
15 1206 16 1256
2 1206 109 1220
43 1206 2 1273
2 1207 33 1224
2 1208 39 1284
29 1208 28 1277
2 1208 5 1238
55 1208 2 1252
24 1209 2 1259
27 1209 26 1251
60 1210 2 1226
6 1211 2 1234
2 1212 110 1222
67 1212 66 1244
57 1212 111 1226
32 1212 24 1255
2 1213 24 1265
33 1213 2 1225
24 1214 62 1239
24 1214 2 1288
5 1214 2 1242
41 1215 25 1251
24 1216 52 1257
10 1216 7 1253
7 1217 10 1256
2 1218 22 1289
72 1218 2 1255
54 1218 38 1228
2 1218 8 1256
28 1219 29 1295
2 1219 8 1249
37 1221 35 1281
2 1221 55 1266
6 1222 2 1238
2 1222 6 1238
110 1222 2 1233
8 1223 2 1254
109 1224 2 1237
26 1224 27 1265
24 1224 32 1268
25 1225 41 1266
55 1225 77 1249
2 1226 6 1251
33 1226 40 1258
34 1226 2 1252
39 1226 2 1303
111 1226 57 1238
35 1226 37 1282
24 1226 24 1244
19 1227 2 1258
30 1228 31 1274
2 1229 78 1252
8 1230 2 1266
31 1230 30 1271
10 1231 7 1268
16 1231 15 1288
52 1231 24 1272
7 1232 10 1271
58 1232 24 1265
38 1232 54 1243
88 1232 52 1257
22 1233 2 1301
40 1235 2 1250
2 1235 108 1252
15 1236 16 1286
2 1236 109 1250
2 1237 33 1254
29 1238 28 1306
2 1238 5 1268
24 1238 39 1254
24 1239 2 1289
6 1239 2 1262
27 1239 26 1281
2 1241 72 1273
62 1241 24 1268
32 1242 24 1283
57 1242 111 1256
2 1243 24 1295
5 1244 2 1272
41 1245 25 1284
24 1246 52 1287
10 1246 2 1262
31 1246 30 1287
7 1247 10 1286
2 1248 22 1319
54 1248 38 1258
28 1249 29 1325
2 1249 8 1279
2 1250 60 1268
2 1251 19 1283
37 1251 18 1309
6 1252 2 1268
2 1252 6 1268
25 1252 41 1296
8 1253 2 1284
109 1254 2 1267
108 1254 2 1270
2 1254 34 1286
24 1254 32 1298
39 1256 24 1271
24 1256 58 1290
24 1256 24 1274
2 1256 6 1281
33 1256 40 1288
111 1256 57 1268
26 1257 27 1295
18 1258 37 1312
2 1259 24 1330
30 1259 31 1305
40 1260 2 1275
8 1260 2 1296
52 1261 24 1302
10 1261 7 1298
16 1261 15 1318
7 1262 2 1277
38 1262 54 1273
22 1263 2 1331
15 1266 16 1316
2 1266 109 1280
43 1266 2 1333
29 1267 28 1335
2 1267 33 1284
2 1268 5 1298
55 1268 2 1312
2 1268 39 1344
24 1269 2 1319
6 1269 2 1292
27 1269 26 1311
60 1270 2 1286
2 1272 110 1282
57 1272 111 1286
32 1272 24 1313
2 1273 24 1325
24 1274 2 1348
5 1274 2 1302
24 1274 62 1299
41 1275 25 1311
24 1276 52 1317
10 1276 2 1292
31 1276 30 1317
7 1277 10 1316
72 1277 2 1307
2 1278 22 1349
54 1278 38 1288
2 1278 8 1316
8 1278 9 1299
2 1279 8 1309
28 1280 29 1350
37 1281 35 1340
2 1281 55 1326
6 1282 2 1298
2 1282 6 1298
110 1282 2 1293
8 1283 2 1314
109 1284 2 1297
24 1284 32 1328
25 1285 41 1326
24 1286 24 1304
2 1286 6 1311
33 1286 40 1318
34 1286 2 1312
111 1286 57 1298
39 1286 2 1363
35 1286 37 1342
19 1287 2 1318
26 1287 27 1325
30 1289 31 1335
40 1290 2 1305
10 1291 7 1328
52 1291 24 1332
2 1292 78 1315
58 1292 24 1325
38 1292 54 1303
22 1293 2 1361
16 1293 15 1344
2 1295 108 1312
15 1296 16 1346
2 1296 109 1310
29 1297 28 1366
2 1297 33 1314
2 1298 5 1328
24 1298 39 1314
24 1299 2 1349
6 1299 2 1322
27 1299 26 1341
2 1301 72 1333
62 1301 24 1328
2 1302 43 1374
57 1302 111 1316
2 1303 24 1355
5 1304 2 1332
41 1305 25 1344
24 1306 52 1347
7 1307 10 1346
31 1307 30 1348
2 1308 22 1379
54 1308 38 1318
2 1309 8 1339
28 1310 29 1380
2 1310 60 1328
2 1311 19 1343
24 1312 44 1405
6 1312 2 1328
2 1312 6 1328
25 1312 41 1356
8 1313 2 1344
109 1314 2 1327
108 1314 2 1330
2 1314 34 1346
2 1316 6 1341
33 1316 40 1348
111 1316 57 1328
39 1316 24 1331
24 1316 24 1334
26 1317 27 1355
18 1318 37 1372
37 1318 18 1375
40 1320 2 1335
8 1320 2 1356
10 1321 7 1358
2 1321 24 1392
52 1321 24 1362
38 1322 54 1333
30 1322 31 1364
22 1323 2 1391
16 1323 15 1374
15 1326 16 1376
2 1326 109 1340
29 1327 28 1396
2 1327 33 1344
2 1328 5 1358
55 1328 2 1372
2 1328 39 1404
24 1329 2 1379
6 1329 2 1352
27 1329 26 1371
60 1330 2 1346
32 1332 24 1373
57 1332 111 1346
2 1333 24 1385
9 1333 8 1354
24 1334 62 1359
24 1334 2 1408
5 1334 2 1362
41 1335 25 1371
24 1336 52 1377
7 1337 10 1376
72 1337 2 1367
31 1337 30 1378
2 1338 22 1409
54 1338 38 1348
2 1338 8 1376
28 1340 29 1410
2 1341 55 1386
6 1342 2 1358
2 1342 6 1358
8 1343 2 1374
109 1344 2 1357
24 1344 32 1388
25 1345 41 1386
37 1346 35 1405
2 1346 6 1371
33 1346 40 1378
34 1346 2 1372
111 1346 57 1358
39 1346 2 1423
35 1346 37 1402
19 1347 2 1378
26 1348 27 1386
40 1350 2 1365
10 1351 7 1388
52 1351 24 1392
38 1352 54 1363
30 1352 31 1394
22 1353 2 1421
16 1353 15 1404
2 1355 108 1372
15 1356 16 1406
29 1356 28 1422
2 1356 109 1370
2 1357 33 1374
2 1358 5 1388
24 1358 39 1374
24 1359 2 1409
6 1359 2 1382
27 1359 26 1401
2 1361 72 1393
62 1361 24 1388
2 1362 43 1434
57 1362 111 1376
2 1363 24 1415
5 1364 2 1392
41 1365 25 1404
31 1366 30 1407
7 1367 10 1406
2 1368 22 1439
54 1368 38 1378
2 1369 8 1399
28 1370 29 1440
2 1370 60 1388
2 1371 19 1403
6 1372 2 1388
2 1372 6 1388
25 1372 41 1416
109 1374 2 1387
2 1374 34 1406
2 1376 6 1401
33 1376 40 1408
111 1376 57 1388
39 1376 24 1391
26 1378 27 1416
18 1378 37 1432
37 1378 18 1435
40 1380 2 1395
8 1380 2 1416
52 1381 24 1422
10 1381 7 1418
2 1381 24 1452
16 1382 15 1433
38 1382 54 1393
30 1382 31 1424
22 1383 2 1451
15 1386 16 1436
29 1386 28 1452
2 1386 109 1400
43 1386 2 1453
2 1387 33 1404
2 1388 5 1418
55 1388 2 1432
2 1388 24 1445
24 1389 2 1439
6 1389 2 1412
60 1390 2 1406
27 1390 26 1429
32 1392 24 1433
57 1392 111 1406
2 1393 24 1445
24 1394 2 1468
5 1394 2 1422
41 1395 25 1431
24 1396 52 1437
31 1396 30 1437
7 1397 10 1436
72 1397 2 1427
2 1398 8 1436
28 1400 29 1470
6 1402 2 1418
2 1402 6 1418
8 1403 2 1434
109 1404 2 1417
24 1404 32 1448
25 1405 41 1446
39 1406 63 1457
2 1406 22 1477
2 1406 6 1431
33 1406 40 1438
34 1406 2 1432
111 1406 57 1418
35 1407 37 1463
19 1407 2 1438
37 1408 35 1467
26 1408 27 1446
40 1410 2 1425
2 1410 51 1432
10 1411 7 1448
30 1412 31 1454
22 1413 12 1459
16 1413 15 1464
44 1415 36 1475
15 1416 16 1466
29 1416 28 1482
2 1416 109 1430
2 1417 33 1434
2 1418 5 1448
24 1418 39 1434
24 1419 47 1454
6 1419 2 1442
27 1420 26 1459
57 1422 111 1436
2 1423 24 1475
5 1424 2 1452
41 1425 25 1464
31 1426 30 1467
7 1427 10 1466
2 1429 8 1459
28 1430 24 1475
2 1430 60 1448
2 1431 19 1463
6 1432 2 1448
2 1432 6 1448
25 1432 41 1476
109 1434 2 1447
15 1435 16 1485
2 1436 12 1460
2 1436 6 1461
33 1436 40 1468
111 1436 57 1448
39 1436 24 1451
18 1438 37 1492
37 1438 18 1495
26 1438 27 1476
40 1440 2 1455
8 1440 2 1476
52 1441 24 1482
10 1441 7 1478
2 1442 14 1489
30 1442 31 1484
22 1443 24 1463
16 1445 15 1496
29 1446 15 1486
2 1447 33 1464
41 1448 2 1464
2 1448 5 1478
2 1448 50 1481
24 1449 47 1484
24 1449 58 1473
6 1449 2 1471
7 1450 2 1465
60 1450 2 1466
5 1450 2 1478
27 1450 26 1489
57 1451 15 1456
2 1453 11 1487
24 1454 91 1477
2 1456 12 1480
31 1456 30 1497
2 1458 8 1496
6 1462 2 1478
2 1462 6 1478
8 1463 2 1494
25 1465 2 1483
2 1466 6 1491
33 1466 2 1477
19 1467 2 1498
10 1468 2 1484
24 1468 32 1512
40 1470 2 1485
2 1470 51 1492
2 1472 78 1495
41 1478 2 1494
24 1479 47 1514
6 1479 2 1501
7 1480 2 1495
5 1480 2 1508
6 1492 2 1508
2 1496 8 1526
0 0 0 0 0 0 0 0 0 0 0 0 0 0 0 0 0 0 0 0 0 0 0 0 0 0 0 0 0 0 0 0 0 0 0 0 0 0 0 0 0 0 0 0 0 0 0 0 0 0 0 0 0 0 0 0 0 0 0 0 0 0 0 0 0 0 0 0 0 0 0 0 0 0 0 0 0 0 0 0 0 0 0 0 0 0 0 0 0 0 0 0 0 0 0 0 0 0 0 0 0 0 0 0 0 0 0 0 0 0 0 0 
0 0 0 0 0 0 0 0 0 0 0 0 0 0 0 0 0 0 0 0 0 0 0 0 0 0 0 0 0 0 0 0 0 0 0 0 0 0 0 0 0 0 0 0 0 0 0 0 0 0 0 0 0 0 0 0 0 0 0 0 0 0 0 0 0 0 0 0 0 0 0 0 0 0 0 0 0 0 0 0 0 0 0 0 0 0 0 0 0 0 0 0 0 0 0 0 0 0 0 0 0 0 0 0 0 0 0 0 0 0 0 0 
0 0 0 0 0 0 0 0 0 0 0 0 0 0 0 0 0 0 0 0 0 0 0 0 0 0 0 0 0 0 0 0 0 0 0 0 0 0 0 0 0 0 0 0 0 0 0 0 0 0 0 0 0 0 0 0 0 0 0 0 0 0 0 0 0 0 0 0 0 0 0 0 0 0 0 0 0 0 0 0 0 0 0 0 0 0 0 0 0 0 0 0 0 0 0 0 0 0 0 0 0 0 0 0 0 0 0 0 0 0 0 0 
0 0 0 0 0 0 0 0 0 0 0 0 0 0 0 0 0 0 0 0 0 0 0 0 0 0 0 0 0 0 0 0 0 0 0 0 0 0 0 0 0 0 0 0 0 0 0 0 0 0 0 0 0 0 0 0 0 0 0 0 0 0 0 0 0 0 0 0 0 0 0 0 0 0 0 0 0 0 0 0 0 0 0 0 0 0 0 0 0 0 0 0 0 0 0 0 0 0 0 0 0 0 0 0 0 0 0 0 0 0 0 0 
0 0 0 0 0 0 0 0 0 0 0 0 0 0 0 0 0 0 0 0 0 0 0 0 0 0 0 0 0 0 0 0 0 0 0 0 0 0 0 0 0 0 0 0 0 0 0 0 0 0 0 0 0 0 0 0 0 0 0 0 0 0 0 0 0 0 0 0 0 0 0 0 0 0 0 0 0 0 0 0 0 0 0 0 0 0 0 0 0 0 0 0 0 0 0 0 0 0 0 0 0 0 0 0 0 0 0 0 0 0 0 0 
0 0 0 0 0 0 0 0 0 0 0 0 0 0 0 0 0 0 0 0 0 0 0 0 0 0 0 0 0 0 0 0 0 0 0 0 0 0 0 0 0 0 0 0 0 0 0 0 0 0 0 0 0 0 0 0 0 0 0 0 0 0 0 0 0 0 0 0 0 0 0 0 0 0 0 0 0 0 0 0 0 0 0 0 0 0 0 0 0 0 0 0 0 0 0 0 0 0 0 0 0 0 0 0 0 0 0 0 0 0 0 0 
0 0 0 0 0 0 0 0 0 0 0 0 0 0 0 0 0 0 0 0 0 0 0 0 0 0 0 0 0 0 0 0 0 0 0 0 0 0 0 0 0 0 0 0 0 0 0 0 0 0 0 0 0 0 0 0 0 0 0 0 0 0 0 0 0 0 0 0 0 0 0 0 0 0 0 0 0 0 0 0 0 0 0 0 0 0 0 0 0 0 0 0 0 0 0 0 0 0 0 0 0 0 0 0 0 0 0 0 0 0 0 0 
0 0 0 0 0 0 0 0 0 0 0 0 0 0 0 0 0 0 0 0 0 0 0 0 0 0 0 0 0 0 0 0 0 0 0 0 0 0 0 0 0 0 0 0 0 0 0 0 0 0 0 0 0 0 0 0 0 0 0 0 0 0 0 0 0 0 0 0 0 0 0 0 0 0 0 0 0 0 0 0 0 0 0 0 0 0 0 0 0 0 0 0 0 0 0 0 0 0 0 0 0 0 0 0 0 0 0 0 0 0 0 0 
0 0 0 0 0 0 0 0 0 0 0 0 0 0 0 0 0 0 0 0 0 0 0 0 0 0 0 0 0 0 0 0 0 0 0 0 0 0 0 0 0 0 0 0 0 0 0 0 0 0 0 0 0 0 0 0 0 0 0 0 0 0 0 0 0 0 0 0 0 0 0 0 0 0 0 0 0 0 0 0 0 0 0 0 0 0 0 0 0 0 0 0 0 0 0 0 0 0 0 0 0 0 0 0 0 0 0 0 0 0 0 0 
0 0 0 0 0 0 0 0 0 0 0 0 0 0 0 0 0 0 0 0 0 0 0 0 0 0 0 0 0 0 0 0 0 0 0 0 0 0 0 0 0 0 0 0 0 0 0 0 0 0 0 0 0 0 0 0 0 0 0 0 0 0 0 0 0 0 0 0 0 0 0 0 0 0 0 0 0 0 0 0 0 0 0 0 0 0 0 0 0 0 0 0 0 0 0 0 0 0 0 0 0 0 0 0 0 0 0 0 0 0 0 0 
0 0 0 0 0 0 0 0 0 0 0 0 0 0 0 0 0 0 0 0 0 0 0 0 0 0 0 0 0 0 0 0 0 0 0 0 0 0 0 0 0 0 0 0 0 0 0 0 0 0 0 0 0 0 0 0 0 0 0 0 0 0 0 0 0 0 0 0 0 0 0 0 0 0 0 0 0 0 0 0 0 0 0 0 0 0 0 0 0 0 0 0 0 0 0 0 0 0 0 0 0 0 0 0 0 0 0 0 0 0 0 0 
0 0 0 0 0 0 0 0 0 0 0 0 0 0 0 0 0 0 0 0 0 0 0 0 0 0 0 0 0 0 0 0 0 0 0 0 0 0 0 0 0 0 0 0 0 0 0 0 0 0 0 0 0 0 0 0 0 0 0 0 0 0 0 0 0 0 0 0 0 0 0 0 0 0 0 0 0 0 0 0 0 0 0 0 0 0 0 0 0 0 0 0 0 0 0 0 0 0 0 0 0 0 0 0 0 0 0 0 0 0 0 0 
0 0 0 0 0 0 0 0 0 0 0 0 0 0 0 0 0 0 0 0 0 0 0 0 0 0 0 0 0 0 0 0 0 0 0 0 0 0 0 0 0 0 0 0 0 0 0 0 0 0 0 0 0 0 0 0 0 0 0 0 0 0 0 0 0 0 0 0 0 0 0 0 0 0 0 0 0 0 0 0 0 0 0 0 0 0 0 0 0 0 0 0 0 0 0 0 0 0 0 0 0 0 0 0 0 0 0 0 0 0 0 0 
0 0 0 0 0 0 0 0 0 0 0 0 0 0 0 0 0 0 0 0 0 0 0 0 0 0 0 0 0 0 0 0 0 0 0 0 0 0 0 0 0 0 0 0 0 0 0 0 0 0 0 0 0 0 0 0 0 0 0 0 0 0 0 0 0 0 0 0 0 0 0 0 0 0 0 0 0 0 0 0 0 0 0 0 0 0 0 0 0 0 0 0 0 0 0 0 0 0 0 0 0 0 0 0 0 0 0 0 0 0 0 0 
0 0 0 0 0 0 0 0 0 0 0 0 0 0 0 0 0 0 0 0 0 0 0 0 0 0 0 0 0 0 0 0 0 0 0 0 0 0 0 0 0 0 0 0 0 0 0 0 0 0 0 0 0 0 0 0 0 0 0 0 0 0 0 0 0 0 0 0 0 0 0 0 0 0 0 0 0 0 0 0 0 0 0 0 0 0 0 0 0 0 0 0 0 0 0 0 0 0 0 0 0 0 0 0 0 0 0 0 0 0 0 0 
0 0 0 0 0 0 0 0 0 0 0 0 0 0 0 0 0 0 0 0 0 0 0 0 0 0 0 0 0 0 0 0 0 0 0 0 0 0 0 0 0 0 0 0 0 0 0 0 0 0 0 0 0 0 0 0 0 0 0 0 0 0 0 0 0 0 0 0 0 0 0 0 0 0 0 0 0 0 0 0 0 0 0 0 0 0 0 0 0 0 0 0 0 0 0 0 0 0 0 0 0 0 0 0 0 0 0 0 0 0 0 0 
0 0 0 0 0 0 0 0 0 0 0 0 0 0 0 0 0 0 0 0 0 0 0 0 0 0 0 0 0 0 0 0 0 0 0 0 0 0 0 0 0 0 0 0 0 0 0 0 0 0 0 0 0 0 0 0 0 0 0 0 0 0 0 0 0 0 0 0 0 0 0 0 0 0 0 0 0 0 0 0 0 0 0 0 0 0 0 0 0 0 0 0 0 0 0 0 0 0 0 0 0 0 0 0 0 0 0 0 0 0 0 0 
0 0 0 0 0 0 0 0 0 0 0 0 0 0 0 0 0 0 0 0 0 0 0 0 0 0 0 0 0 0 0 0 0 0 0 0 0 0 0 0 0 0 0 0 0 0 0 0 0 0 0 0 0 0 0 0 0 0 0 0 0 0 0 0 0 0 0 0 0 0 0 0 0 0 0 0 0 0 0 0 0 0 0 0 0 0 0 0 0 0 0 0 0 0 0 0 0 0 0 0 0 0 0 0 0 0 0 0 0 0 0 0 
0 0 0 0 0 0 0 0 0 0 0 0 0 0 0 0 0 0 0 0 0 0 0 0 0 0 0 0 0 0 0 0 0 0 0 0 0 0 0 0 0 0 0 0 0 0 0 0 0 0 0 0 0 0 0 0 0 0 0 0 0 0 0 0 0 0 0 0 0 0 0 0 0 0 0 0 0 0 0 0 0 0 0 0 0 0 0 0 0 0 0 0 0 0 0 0 0 0 0 0 0 0 0 0 0 0 0 0 0 0 0 0 
0 0 0 0 0 0 0 0 0 0 0 0 0 0 0 0 0 0 0 0 0 0 0 0 0 0 0 0 0 0 0 0 0 0 0 0 0 0 0 0 0 0 0 0 0 0 0 0 0 0 0 0 0 0 0 0 0 0 0 0 0 0 0 0 0 0 0 0 0 0 0 0 0 0 0 0 0 0 0 0 0 0 0 0 0 0 0 0 0 0 0 0 0 0 0 0 0 0 0 0 0 0 0 0 0 0 0 0 0 0 0 0 
0 0 0 0 0 0 0 0 0 0 0 0 0 0 0 0 0 0 0 0 0 0 0 0 0 0 0 0 0 0 0 0 0 0 0 0 0 0 0 0 0 0 0 0 0 0 0 0 0 0 0 0 0 0 0 0 0 0 0 0 0 0 0 0 0 0 0 0 0 0 0 0 0 0 0 0 0 0 0 0 0 0 0 0 0 0 0 0 0 0 0 0 0 0 0 0 0 0 0 0 0 0 0 0 0 0 0 0 0 0 0 0 
0 0 0 0 0 0 0 0 0 0 0 0 0 0 0 0 0 0 0 0 0 0 0 0 0 0 0 0 0 0 0 0 0 0 0 0 0 0 0 0 0 0 0 0 0 0 0 0 0 0 0 0 0 0 0 0 0 0 0 0 0 0 0 0 0 0 0 0 0 0 0 0 0 0 0 0 0 0 0 0 0 0 0 0 0 0 0 0 0 0 0 0 0 0 0 0 0 0 0 0 0 0 0 0 0 0 0 0 0 0 0 0 
0 0 0 0 0 0 0 0 0 0 0 0 0 0 0 0 0 0 0 0 0 0 0 0 0 0 0 0 0 0 0 0 0 0 0 0 0 0 0 0 0 0 0 0 0 0 0 0 0 0 0 0 0 0 0 0 0 0 0 0 0 0 0 0 0 0 0 0 0 0 0 0 0 0 0 0 0 0 0 0 0 0 0 0 0 0 0 0 0 0 0 0 0 0 0 0 0 0 0 0 0 0 0 0 0 0 0 0 0 0 0 0 
0 0 0 0 0 0 0 0 0 0 0 0 0 0 0 0 0 0 0 0 0 0 0 0 0 0 0 0 0 0 0 0 0 0 0 0 0 0 0 0 0 0 0 0 0 0 0 0 0 0 0 0 0 0 0 0 0 0 0 0 0 0 0 0 0 0 0 0 0 0 0 0 0 0 0 0 0 0 0 0 0 0 0 0 0 0 0 0 0 0 0 0 0 0 0 0 0 0 0 0 0 0 0 0 0 0 0 0 0 0 0 0 
0 0 0 0 0 0 0 0 0 0 0 0 0 0 0 0 0 0 0 0 0 0 0 0 0 0 0 0 0 0 0 0 0 0 0 0 0 0 0 0 0 0 0 0 0 0 0 0 0 0 0 0 0 0 0 0 0 0 0 0 0 0 0 0 0 0 0 0 0 0 0 0 0 0 0 0 0 0 0 0 0 0 0 0 0 0 0 0 0 0 0 0 0 0 0 0 0 0 0 0 0 0 0 0 0 0 0 0 0 0 0 0 
0 0 0 0 0 0 0 0 0 0 0 0 0 0 0 0 0 0 0 0 0 0 0 0 0 0 0 0 0 0 0 0 0 0 0 0 0 0 0 0 0 0 0 0 0 0 0 0 0 0 0 0 0 0 0 0 0 0 0 0 0 0 0 0 0 0 0 0 0 0 0 0 0 0 0 0 0 0 0 0 0 0 0 0 0 0 0 0 0 0 0 0 0 0 0 0 0 0 0 0 0 0 0 0 0 0 0 0 0 0 0 0 
0 0 0 0 0 0 0 0 0 0 0 0 0 0 0 0 0 0 0 0 0 0 0 0 0 0 0 0 0 0 0 0 0 0 0 0 0 0 0 0 0 0 0 0 0 0 0 0 0 0 0 0 0 0 0 0 0 0 0 0 0 0 0 0 0 0 0 0 0 0 0 0 0 0 0 0 0 0 0 0 0 0 0 0 0 0 0 0 0 0 0 0 0 0 0 0 0 0 0 0 0 0 0 0 0 0 0 0 0 0 0 0 
0 0 0 0 0 0 0 0 0 0 0 0 0 0 0 0 0 0 0 0 0 0 0 0 0 0 0 0 0 0 0 0 0 0 0 0 0 0 0 0 0 0 0 0 0 0 0 0 0 0 0 0 0 0 0 0 0 0 0 0 0 0 0 0 0 0 0 0 0 0 0 0 0 0 0 0 0 0 0 0 0 0 0 0 0 0 0 0 0 0 0 0 0 0 0 0 0 0 0 0 0 0 0 0 0 0 0 0 0 0 0 0 
0 0 0 0 0 0 0 0 0 0 0 0 0 0 0 0 0 0 0 0 0 0 0 0 0 0 0 0 0 0 0 0 0 0 0 0 0 0 0 0 0 0 0 0 0 0 0 0 0 0 0 0 0 0 0 0 0 0 0 0 0 0 0 0 0 0 0 0 0 0 0 0 0 0 0 0 0 0 0 0 0 0 0 0 0 0 0 0 0 0 0 0 0 0 0 0 0 0 0 0 0 0 0 0 0 0 0 0 0 0 0 0 
0 0 0 0 0 0 0 0 0 0 0 0 0 0 0 0 0 0 0 0 0 0 0 0 0 0 0 0 0 0 0 0 0 0 0 0 0 0 0 0 0 0 0 0 0 0 0 0 0 0 0 0 0 0 0 0 0 0 0 0 0 0 0 0 0 0 0 0 0 0 0 0 0 0 0 0 0 0 0 0 0 0 0 0 0 0 0 0 0 0 0 0 0 0 0 0 0 0 0 0 0 0 0 0 0 0 0 0 0 0 0 0 
0 0 0 0 0 0 0 0 0 0 0 0 0 0 0 0 0 0 0 0 0 0 0 0 0 0 0 0 0 0 0 0 0 0 0 0 0 0 0 0 0 0 0 0 0 0 0 0 0 0 0 0 0 0 0 0 0 0 0 0 0 0 0 0 0 0 0 0 0 0 0 0 0 0 0 0 0 0 0 0 0 0 0 0 0 0 0 0 0 0 0 0 0 0 0 0 0 0 0 0 0 0 0 0 0 0 0 0 0 0 0 0 
0 0 0 0 0 0 0 0 0 0 0 0 0 0 0 0 0 0 0 0 0 0 0 0 0 0 0 0 0 0 0 0 0 0 0 0 0 0 0 0 0 0 0 0 0 0 0 0 0 0 0 0 0 0 0 0 0 0 0 0 0 0 0 0 0 0 0 0 0 0 0 0 0 0 0 0 0 0 0 0 0 0 0 0 0 0 0 0 0 0 0 0 0 0 0 0 0 0 0 0 0 0 0 0 0 0 0 0 0 0 0 0 
0 0 0 0 0 0 0 0 0 0 0 0 0 0 0 0 0 0 0 0 0 0 0 0 0 0 0 0 0 0 0 0 0 0 0 0 0 0 0 0 0 0 0 0 0 0 0 0 0 0 0 0 0 0 0 0 0 0 0 0 0 0 0 0 0 0 0 0 0 0 0 0 0 0 0 0 0 0 0 0 0 0 0 0 0 0 0 0 0 0 0 0 0 0 0 0 0 0 0 0 0 0 0 0 0 0 0 0 0 0 0 0 
0 0 0 0 0 0 0 0 0 0 0 0 0 0 0 0 0 0 0 0 0 0 0 0 0 0 0 0 0 0 0 0 0 0 0 0 0 0 0 0 0 0 0 0 0 0 0 0 0 0 0 0 0 0 0 0 0 0 0 0 0 0 0 0 0 0 0 0 0 0 0 0 0 0 0 0 0 0 0 0 0 0 0 0 0 0 0 0 0 0 0 0 0 0 0 0 0 0 0 0 0 0 0 0 0 0 0 0 0 0 0 0 
0 0 0 0 0 0 0 0 0 0 0 0 0 0 0 0 0 0 0 0 0 0 0 0 0 0 0 0 0 0 0 0 0 0 0 0 0 0 0 0 0 0 0 0 0 0 0 0 0 0 0 0 0 0 0 0 0 0 0 0 0 0 0 0 0 0 0 0 0 0 0 0 0 0 0 0 0 0 0 0 0 0 0 0 0 0 0 0 0 0 0 0 0 0 0 0 0 0 0 0 0 0 0 0 0 0 0 0 0 0 0 0 
0 0 0 0 0 0 0 0 0 0 0 0 0 0 0 0 0 0 0 0 0 0 0 0 0 0 0 0 0 0 0 0 0 0 0 0 0 0 0 0 0 0 0 0 0 0 0 0 0 0 0 0 0 0 0 0 0 0 0 0 0 0 0 0 0 0 0 0 0 0 0 0 0 0 0 0 0 0 0 0 0 0 0 0 0 0 0 0 0 0 0 0 0 0 0 0 0 0 0 0 0 0 0 0 0 0 0 0 0 0 0 0 
0 0 0 0 0 0 0 0 0 0 0 0 0 0 0 0 0 0 0 0 0 0 0 0 0 0 0 0 0 0 0 0 0 0 0 0 0 0 0 0 0 0 0 0 0 0 0 0 0 0 0 0 0 0 0 0 0 0 0 0 0 0 0 0 0 0 0 0 0 0 0 0 0 0 0 0 0 0 0 0 0 0 0 0 0 0 0 0 0 0 0 0 0 0 0 0 0 0 0 0 0 0 0 0 0 0 0 0 0 0 0 0 
0 0 0 0 0 0 0 0 0 0 0 0 0 0 0 0 0 0 0 0 0 0 0 0 0 0 0 0 0 0 0 0 0 0 0 0 0 0 0 0 0 0 0 0 0 0 0 0 0 0 0 0 0 0 0 0 0 0 0 0 0 0 0 0 0 0 0 0 0 0 0 0 0 0 0 0 0 0 0 0 0 0 0 0 0 0 0 0 0 0 0 0 0 0 0 0 0 0 0 0 0 0 0 0 0 0 0 0 0 0 0 0 
0 0 0 0 0 0 0 0 0 0 0 0 0 0 0 0 0 0 0 0 0 0 0 0 0 0 0 0 0 0 0 0 0 0 0 0 0 0 0 0 0 0 0 0 0 0 0 0 0 0 0 0 0 0 0 0 0 0 0 0 0 0 0 0 0 0 0 0 0 0 0 0 0 0 0 0 0 0 0 0 0 0 0 0 0 0 0 0 0 0 0 0 0 0 0 0 0 0 0 0 0 0 0 0 0 0 0 0 0 0 0 0 
0 0 0 0 0 0 0 0 0 0 0 0 0 0 0 0 0 0 0 0 0 0 0 0 0 0 0 0 0 0 0 0 0 0 0 0 0 0 0 0 0 0 0 0 0 0 0 0 0 0 0 0 0 0 0 0 0 0 0 0 0 0 0 0 0 0 0 0 0 0 0 0 0 0 0 0 0 0 0 0 0 0 0 0 0 0 0 0 0 0 0 0 0 0 0 0 0 0 0 0 0 0 0 0 0 0 0 0 0 0 0 0 
0 0 0 0 0 0 0 0 0 0 0 0 0 0 0 0 0 0 0 0 0 0 0 0 0 0 0 0 0 0 0 0 0 0 0 0 0 0 0 0 0 0 0 0 0 0 0 0 0 0 0 0 0 0 0 0 0 0 0 0 0 0 0 0 0 0 0 0 0 0 0 0 0 0 0 0 0 0 0 0 0 0 0 0 0 0 0 0 0 0 0 0 0 0 0 0 0 0 0 0 0 0 0 0 0 0 0 0 0 0 0 0 
0 0 0 0 0 0 0 0 0 0 0 0 0 0 0 0 0 0 0 0 0 0 0 0 0 0 0 0 0 0 0 0 0 0 0 0 0 0 0 0 0 0 0 0 0 0 0 0 0 0 0 0 0 0 0 0 0 0 0 0 0 0 0 0 0 0 0 0 0 0 0 0 0 0 0 0 0 0 0 0 0 0 0 0 0 0 0 0 0 0 0 0 0 0 0 0 0 0 0 0 0 0 0 0 0 0 0 0 0 0 0 0 
0 0 0 0 0 0 0 0 0 0 0 0 0 0 0 0 0 0 0 0 0 0 0 0 0 0 0 0 0 0 0 0 0 0 0 0 0 0 0 0 0 0 0 0 0 0 0 0 0 0 0 0 0 0 0 0 0 0 0 0 0 0 0 0 0 0 0 0 0 0 0 0 0 0 0 0 0 0 0 0 0 0 0 0 0 0 0 0 0 0 0 0 0 0 0 0 0 0 0 0 0 0 0 0 0 0 0 0 0 0 0 0 
0 0 0 0 0 0 0 0 0 0 0 0 0 0 0 0 0 0 0 0 0 0 0 0 0 0 0 0 0 0 0 0 0 0 0 0 0 0 0 0 0 0 0 0 0 0 0 0 0 0 0 0 0 0 0 0 0 0 0 0 0 0 0 0 0 0 0 0 0 0 0 0 0 0 0 0 0 0 0 0 0 0 0 0 0 0 0 0 0 0 0 0 0 0 0 0 0 0 0 0 0 0 0 0 0 0 0 0 0 0 0 0 
0 0 0 0 0 0 0 0 0 0 0 0 0 0 0 0 0 0 0 0 0 0 0 0 0 0 0 0 0 0 0 0 0 0 0 0 0 0 0 0 0 0 0 0 0 0 0 0 0 0 0 0 0 0 0 0 0 0 0 0 0 0 0 0 0 0 0 0 0 0 0 0 0 0 0 0 0 0 0 0 0 0 0 0 0 0 0 0 0 0 0 0 0 0 0 0 0 0 0 0 0 0 0 0 0 0 0 0 0 0 0 0 
0 0 0 0 0 0 0 0 0 0 0 0 0 0 0 0 0 0 0 0 0 0 0 0 0 0 0 0 0 0 0 0 0 0 0 0 0 0 0 0 0 0 0 0 0 0 0 0 0 0 0 0 0 0 0 0 0 0 0 0 0 0 0 0 0 0 0 0 0 0 0 0 0 0 0 0 0 0 0 0 0 0 0 0 0 0 0 0 0 0 0 0 0 0 0 0 0 0 0 0 0 0 0 0 0 0 0 0 0 0 0 0 
0 0 0 0 0 0 0 0 0 0 0 0 0 0 0 0 0 0 0 0 0 0 0 0 0 0 0 0 0 0 0 0 0 0 0 0 0 0 0 0 0 0 0 0 0 0 0 0 0 0 0 0 0 0 0 0 0 0 0 0 0 0 0 0 0 0 0 0 0 0 0 0 0 0 0 0 0 0 0 0 0 0 0 0 0 0 0 0 0 0 0 0 0 0 0 0 0 0 0 0 0 0 0 0 0 0 0 0 0 0 0 0 
0 0 0 0 0 0 0 0 0 0 0 0 0 0 0 0 0 0 0 0 0 0 0 0 0 0 0 0 0 0 0 0 0 0 0 0 0 0 0 0 0 0 0 0 0 0 0 0 0 0 0 0 0 0 0 0 0 0 0 0 0 0 0 0 0 0 0 0 0 0 0 0 0 0 0 0 0 0 0 0 0 0 0 0 0 0 0 0 0 0 0 0 0 0 0 0 0 0 0 0 0 0 0 0 0 0 0 0 0 0 0 0 
0 0 0 0 0 0 0 0 0 0 0 0 0 0 0 0 0 0 0 0 0 0 0 0 0 0 0 0 0 0 0 0 0 0 0 0 0 0 0 0 0 0 0 0 0 0 0 0 0 0 0 0 0 0 0 0 0 0 0 0 0 0 0 0 0 0 0 0 0 0 0 0 0 0 0 0 0 0 0 0 0 0 0 0 0 0 0 0 0 0 0 0 0 0 0 0 0 0 0 0 0 0 0 0 0 0 0 0 0 0 0 0 
0 0 0 0 0 0 0 0 0 0 0 0 0 0 0 0 0 0 0 0 0 0 0 0 0 0 0 0 0 0 0 0 0 0 0 0 0 0 0 0 0 0 0 0 0 0 0 0 0 0 0 0 0 0 0 0 0 0 0 0 0 0 0 0 0 0 0 0 0 0 0 0 0 0 0 0 0 0 0 0 0 0 0 0 0 0 0 0 0 0 0 0 0 0 0 0 0 0 0 0 0 0 0 0 0 0 0 0 0 0 0 0 
0 0 0 0 0 0 0 0 0 0 0 0 0 0 0 0 0 0 0 0 0 0 0 0 0 0 0 0 0 0 0 0 0 0 0 0 0 0 0 0 0 0 0 0 0 0 0 0 0 0 0 0 0 0 0 0 0 0 0 0 0 0 0 0 0 0 0 0 0 0 0 0 0 0 0 0 0 0 0 0 0 0 0 0 0 0 0 0 0 0 0 0 0 0 0 0 0 0 0 0 0 0 0 0 0 0 0 0 0 0 0 0 
0 0 0 0 0 0 0 0 0 0 0 0 0 0 0 0 0 0 0 0 0 0 0 0 0 0 0 0 0 0 0 0 0 0 0 0 0 0 0 0 0 0 0 0 0 0 0 0 0 0 0 0 0 0 0 0 0 0 0 0 0 0 0 0 0 0 0 0 0 0 0 0 0 0 0 0 0 0 0 0 0 0 0 0 0 0 0 0 0 0 0 0 0 0 0 0 0 0 0 0 0 0 0 0 0 0 0 0 0 0 0 0 
0 0 0 0 0 0 0 0 0 0 0 0 0 0 0 0 0 0 0 0 0 0 0 0 0 0 0 0 0 0 0 0 0 0 0 0 0 0 0 0 0 0 0 0 0 0 0 0 0 0 0 0 0 0 0 0 0 0 0 0 0 0 0 0 0 0 0 0 0 0 0 0 0 0 0 0 0 0 0 0 0 0 0 0 0 0 0 0 0 0 0 0 0 0 0 0 0 0 0 0 0 0 0 0 0 0 0 0 0 0 0 0 
0 0 0 0 0 0 0 0 0 0 0 0 0 0 0 0 0 0 0 0 0 0 0 0 0 0 0 0 0 0 0 0 0 0 0 0 0 0 0 0 0 0 0 0 0 0 0 0 0 0 0 0 0 0 0 0 0 0 0 0 0 0 0 0 0 0 0 0 0 0 0 0 0 0 0 0 0 0 0 0 0 0 0 0 0 0 0 0 0 0 0 0 0 0 0 0 0 0 0 0 0 0 0 0 0 0 0 0 0 0 0 0 
0 0 0 0 0 0 0 0 0 0 0 0 0 0 0 0 0 0 0 0 0 0 0 0 0 0 0 0 0 0 0 0 0 0 0 0 0 0 0 0 0 0 0 0 0 0 0 0 0 0 0 0 0 0 0 0 0 0 0 0 0 0 0 0 0 0 0 0 0 0 0 0 0 0 0 0 0 0 0 0 0 0 0 0 0 0 0 0 0 0 0 0 0 0 0 0 0 0 0 0 0 0 0 0 0 0 0 0 0 0 0 0 
0 0 0 0 0 0 0 0 0 0 0 0 0 0 0 0 0 0 0 0 0 0 0 0 0 0 0 0 0 0 0 0 0 0 0 0 0 0 0 0 0 0 0 0 0 0 0 0 0 0 0 0 0 0 0 0 0 0 0 0 0 0 0 0 0 0 0 0 0 0 0 0 0 0 0 0 0 0 0 0 0 0 0 0 0 0 0 0 0 0 0 0 0 0 0 0 0 0 0 0 0 0 0 0 0 0 0 0 0 0 0 0 
0 0 0 0 0 0 0 0 0 0 0 0 0 0 0 0 0 0 0 0 0 0 0 0 0 0 0 0 0 0 0 0 0 0 0 0 0 0 0 0 0 0 0 0 0 0 0 0 0 0 0 0 0 0 0 0 0 0 0 0 0 0 0 0 0 0 0 0 0 0 0 0 0 0 0 0 0 0 0 0 0 0 0 0 0 0 0 0 0 0 0 0 0 0 0 0 0 0 0 0 0 0 0 0 0 0 0 0 0 0 0 0 
0 0 0 0 0 0 0 0 0 0 0 0 0 0 0 0 0 0 0 0 0 0 0 0 0 0 0 0 0 0 0 0 0 0 0 0 0 0 0 0 0 0 0 0 0 0 0 0 0 0 0 0 0 0 0 0 0 0 0 0 0 0 0 0 0 0 0 0 0 0 0 0 0 0 0 0 0 0 0 0 0 0 0 0 0 0 0 0 0 0 0 0 0 0 0 0 0 0 0 0 0 0 0 0 0 0 0 0 0 0 0 0 
0 0 0 0 0 0 0 0 0 0 0 0 0 0 0 0 0 0 0 0 0 0 0 0 0 0 0 0 0 0 0 0 0 0 0 0 0 0 0 0 0 0 0 0 0 0 0 0 0 0 0 0 0 0 0 0 0 0 0 0 0 0 0 0 0 0 0 0 0 0 0 0 0 0 0 0 0 0 0 0 0 0 0 0 0 0 0 0 0 0 0 0 0 0 0 0 0 0 0 0 0 0 0 0 0 0 0 0 0 0 0 0 
0 0 0 0 0 0 0 0 0 0 0 0 0 0 0 0 0 0 0 0 0 0 0 0 0 0 0 0 0 0 0 0 0 0 0 0 0 0 0 0 0 0 0 0 0 0 0 0 0 0 0 0 0 0 0 0 0 0 0 0 0 0 0 0 0 0 0 0 0 0 0 0 0 0 0 0 0 0 0 0 0 0 0 0 0 0 0 0 0 0 0 0 0 0 0 0 0 0 0 0 0 0 0 0 0 0 0 0 0 0 0 0 
0 0 0 0 0 0 0 0 0 0 0 0 0 0 0 0 0 0 0 0 0 0 0 0 0 0 0 0 0 0 0 0 0 0 0 0 0 0 0 0 0 0 0 0 0 0 0 0 0 0 0 0 0 0 0 0 0 0 0 0 0 0 0 0 0 0 0 0 0 0 0 0 0 0 0 0 0 0 0 0 0 0 0 0 0 0 0 0 0 0 0 0 0 0 0 0 0 0 0 0 0 0 0 0 0 0 0 0 0 0 0 0 
0 0 0 0 0 0 0 0 0 0 0 0 0 0 0 0 0 0 0 0 0 0 0 0 0 0 0 0 0 0 0 0 0 0 0 0 0 0 0 0 0 0 0 0 0 0 0 0 0 0 0 0 0 0 0 0 0 0 0 0 0 0 0 0 0 0 0 0 0 0 0 0 0 0 0 0 0 0 0 0 0 0 0 0 0 0 0 0 0 0 0 0 0 0 0 0 0 0 0 0 0 0 0 0 0 0 0 0 0 0 0 0 
0 0 0 0 0 0 0 0 0 0 0 0 0 0 0 0 0 0 0 0 0 0 0 0 0 0 0 0 0 0 0 0 0 0 0 0 0 0 0 0 0 0 0 0 0 0 0 0 0 0 0 0 0 0 0 0 0 0 0 0 0 0 0 0 0 0 0 0 0 0 0 0 0 0 0 0 0 0 0 0 0 0 0 0 0 0 0 0 0 0 0 0 0 0 0 0 0 0 0 0 0 0 0 0 0 0 0 0 0 0 0 0 
0 0 0 0 0 0 0 0 0 0 0 0 0 0 0 0 0 0 0 0 0 0 0 0 0 0 0 0 0 0 0 0 0 0 0 0 0 0 0 0 0 0 0 0 0 0 0 0 0 0 0 0 0 0 0 0 0 0 0 0 0 0 0 0 0 0 0 0 0 0 0 0 0 0 0 0 0 0 0 0 0 0 0 0 0 0 0 0 0 0 0 0 0 0 0 0 0 0 0 0 0 0 0 0 0 0 0 0 0 0 0 0 
0 0 0 0 0 0 0 0 0 0 0 0 0 0 0 0 0 0 0 0 0 0 0 0 0 0 0 0 0 0 0 0 0 0 0 0 0 0 0 0 0 0 0 0 0 0 0 0 0 0 0 0 0 0 0 0 0 0 0 0 0 0 0 0 0 0 0 0 0 0 0 0 0 0 0 0 0 0 0 0 0 0 0 0 0 0 0 0 0 0 0 0 0 0 0 0 0 0 0 0 0 0 0 0 0 0 0 0 0 0 0 0 
0 0 0 0 0 0 0 0 0 0 0 0 0 0 0 0 0 0 0 0 0 0 0 0 0 0 0 0 0 0 0 0 0 0 0 0 0 0 0 0 0 0 0 0 0 0 0 0 0 0 0 0 0 0 0 0 0 0 0 0 0 0 0 0 0 0 0 0 0 0 0 0 0 0 0 0 0 0 0 0 0 0 0 0 0 0 0 0 0 0 0 0 0 0 0 0 0 0 0 0 0 0 0 0 0 0 0 0 0 0 0 0 
0 0 0 0 0 0 0 0 0 0 0 0 0 0 0 0 0 0 0 0 0 0 0 0 0 0 0 0 0 0 0 0 0 0 0 0 0 0 0 0 0 0 0 0 0 0 0 0 0 0 0 0 0 0 0 0 0 0 0 0 0 0 0 0 0 0 0 0 0 0 0 0 0 0 0 0 0 0 0 0 0 0 0 0 0 0 0 0 0 0 0 0 0 0 0 0 0 0 0 0 0 0 0 0 0 0 0 0 0 0 0 0 
0 0 0 0 0 0 0 0 0 0 0 0 0 0 0 0 0 0 0 0 0 0 0 0 0 0 0 0 0 0 0 0 0 0 0 0 0 0 0 0 0 0 0 0 0 0 0 0 0 0 0 0 0 0 0 0 0 0 0 0 0 0 0 0 0 0 0 0 0 0 0 0 0 0 0 0 0 0 0 0 0 0 0 0 0 0 0 0 0 0 0 0 0 0 0 0 0 0 0 0 0 0 0 0 0 0 0 0 0 0 0 0 
0 0 0 0 0 0 0 0 0 0 0 0 0 0 0 0 0 0 0 0 0 0 0 0 0 0 0 0 0 0 0 0 0 0 0 0 0 0 0 0 0 0 0 0 0 0 0 0 0 0 0 0 0 0 0 0 0 0 0 0 0 0 0 0 0 0 0 0 0 0 0 0 0 0 0 0 0 0 0 0 0 0 0 0 0 0 0 0 0 0 0 0 0 0 0 0 0 0 0 0 0 0 0 0 0 0 0 0 0 0 0 0 
0 0 0 0 0 0 0 0 0 0 0 0 0 0 0 0 0 0 0 0 0 0 0 0 0 0 0 0 0 0 0 0 0 0 0 0 0 0 0 0 0 0 0 0 0 0 0 0 0 0 0 0 0 0 0 0 0 0 0 0 0 0 0 0 0 0 0 0 0 0 0 0 0 0 0 0 0 0 0 0 0 0 0 0 0 0 0 0 0 0 0 0 0 0 0 0 0 0 0 0 0 0 0 0 0 0 0 0 0 0 0 0 
0 0 0 0 0 0 0 0 0 0 0 0 0 0 0 0 0 0 0 0 0 0 0 0 0 0 0 0 0 0 0 0 0 0 0 0 0 0 0 0 0 0 0 0 0 0 0 0 0 0 0 0 0 0 0 0 0 0 0 0 0 0 0 0 0 0 0 0 0 0 0 0 0 0 0 0 0 0 0 0 0 0 0 0 0 0 0 0 0 0 0 0 0 0 0 0 0 0 0 0 0 0 0 0 0 0 0 0 0 0 0 0 
0 0 0 0 0 0 0 0 0 0 0 0 0 0 0 0 0 0 0 0 0 0 0 0 0 0 0 0 0 0 0 0 0 0 0 0 0 0 0 0 0 0 0 0 0 0 0 0 0 0 0 0 0 0 0 0 0 0 0 0 0 0 0 0 0 0 0 0 0 0 0 0 0 0 0 0 0 0 0 0 0 0 0 0 0 0 0 0 0 0 0 0 0 0 0 0 0 0 0 0 0 0 0 0 0 0 0 0 0 0 0 0 
0 0 0 0 0 0 0 0 0 0 0 0 0 0 0 0 0 0 0 0 0 0 0 0 0 0 0 0 0 0 0 0 0 0 0 0 0 0 0 0 0 0 0 0 0 0 0 0 0 0 0 0 0 0 0 0 0 0 0 0 0 0 0 0 0 0 0 0 0 0 0 0 0 0 0 0 0 0 0 0 0 0 0 0 0 0 0 0 0 0 0 0 0 0 0 0 0 0 0 0 0 0 0 0 0 0 0 0 0 0 0 0 
0 0 0 0 0 0 0 0 0 0 0 0 0 0 0 0 0 0 0 0 0 0 0 0 0 0 0 0 0 0 0 0 0 0 0 0 0 0 0 0 0 0 0 0 0 0 0 0 0 0 0 0 0 0 0 0 0 0 0 0 0 0 0 0 0 0 0 0 0 0 0 0 0 0 0 0 0 0 0 0 0 0 0 0 0 0 0 0 0 0 0 0 0 0 0 0 0 0 0 0 0 0 0 0 0 0 0 0 0 0 0 0 
0 0 0 0 0 0 0 0 0 0 0 0 0 0 0 0 0 0 0 0 0 0 0 0 0 0 0 0 0 0 0 0 0 0 0 0 0 0 0 0 0 0 0 0 0 0 0 0 0 0 0 0 0 0 0 0 0 0 0 0 0 0 0 0 0 0 0 0 0 0 0 0 0 0 0 0 0 0 0 0 0 0 0 0 0 0 0 0 0 0 0 0 0 0 0 0 0 0 0 0 0 0 0 0 0 0 0 0 0 0 0 0 
0 0 0 0 0 0 0 0 0 0 0 0 0 0 0 0 0 0 0 0 0 0 0 0 0 0 0 0 0 0 0 0 0 0 0 0 0 0 0 0 0 0 0 0 0 0 0 0 0 0 0 0 0 0 0 0 0 0 0 0 0 0 0 0 0 0 0 0 0 0 0 0 0 0 0 0 0 0 0 0 0 0 0 0 0 0 0 0 0 0 0 0 0 0 0 0 0 0 0 0 0 0 0 0 0 0 0 0 0 0 0 0 
0 0 0 0 0 0 0 0 0 0 0 0 0 0 0 0 0 0 0 0 0 0 0 0 0 0 0 0 0 0 0 0 0 0 0 0 0 0 0 0 0 0 0 0 0 0 0 0 0 0 0 0 0 0 0 0 0 0 0 0 0 0 0 0 0 0 0 0 0 0 0 0 0 0 0 0 0 0 0 0 0 0 0 0 0 0 0 0 0 0 0 0 0 0 0 0 0 0 0 0 0 0 0 0 0 0 0 0 0 0 0 0 
0 0 0 0 0 0 0 0 0 0 0 0 0 0 0 0 0 0 0 0 0 0 0 0 0 0 0 0 0 0 0 0 0 0 0 0 0 0 0 0 0 0 0 0 0 0 0 0 0 0 0 0 0 0 0 0 0 0 0 0 0 0 0 0 0 0 0 0 0 0 0 0 0 0 0 0 0 0 0 0 0 0 0 0 0 0 0 0 0 0 0 0 0 0 0 0 0 0 0 0 0 0 0 0 0 0 0 0 0 0 0 0 
0 0 0 0 0 0 0 0 0 0 0 0 0 0 0 0 0 0 0 0 0 0 0 0 0 0 0 0 0 0 0 0 0 0 0 0 0 0 0 0 0 0 0 0 0 0 0 0 0 0 0 0 0 0 0 0 0 0 0 0 0 0 0 0 0 0 0 0 0 0 0 0 0 0 0 0 0 0 0 0 0 0 0 0 0 0 0 0 0 0 0 0 0 0 0 0 0 0 0 0 0 0 0 0 0 0 0 0 0 0 0 0 
0 0 0 0 0 0 0 0 0 0 0 0 0 0 0 0 0 0 0 0 0 0 0 0 0 0 0 0 0 0 0 0 0 0 0 0 0 0 0 0 0 0 0 0 0 0 0 0 0 0 0 0 0 0 0 0 0 0 0 0 0 0 0 0 0 0 0 0 0 0 0 0 0 0 0 0 0 0 0 0 0 0 0 0 0 0 0 0 0 0 0 0 0 0 0 0 0 0 0 0 0 0 0 0 0 0 0 0 0 0 0 0 
0 0 0 0 0 0 0 0 0 0 0 0 0 0 0 0 0 0 0 0 0 0 0 0 0 0 0 0 0 0 0 0 0 0 0 0 0 0 0 0 0 0 0 0 0 0 0 0 0 0 0 0 0 0 0 0 0 0 0 0 0 0 0 0 0 0 0 0 0 0 0 0 0 0 0 0 0 0 0 0 0 0 0 0 0 0 0 0 0 0 0 0 0 0 0 0 0 0 0 0 0 0 0 0 0 0 0 0 0 0 0 0 
0 0 0 0 0 0 0 0 0 0 0 0 0 0 0 0 0 0 0 0 0 0 0 0 0 0 0 0 0 0 0 0 0 0 0 0 0 0 0 0 0 0 0 0 0 0 0 0 0 0 0 0 0 0 0 0 0 0 0 0 0 0 0 0 0 0 0 0 0 0 0 0 0 0 0 0 0 0 0 0 0 0 0 0 0 0 0 0 0 0 0 0 0 0 0 0 0 0 0 0 0 0 0 0 0 0 0 0 0 0 0 0 
0 0 0 0 0 0 0 0 0 0 0 0 0 0 0 0 0 0 0 0 0 0 0 0 0 0 0 0 0 0 0 0 0 0 0 0 0 0 0 0 0 0 0 0 0 0 0 0 0 0 0 0 0 0 0 0 0 0 0 0 0 0 0 0 0 0 0 0 0 0 0 0 0 0 0 0 0 0 0 0 0 0 0 0 0 0 0 0 0 0 0 0 0 0 0 0 0 0 0 0 0 0 0 0 0 0 0 0 0 0 0 0 
0 0 0 0 0 0 0 0 0 0 0 0 0 0 0 0 0 0 0 0 0 0 0 0 0 0 0 0 0 0 0 0 0 0 0 0 0 0 0 0 0 0 0 0 0 0 0 0 0 0 0 0 0 0 0 0 0 0 0 0 0 0 0 0 0 0 0 0 0 0 0 0 0 0 0 0 0 0 0 0 0 0 0 0 0 0 0 0 0 0 0 0 0 0 0 0 0 0 0 0 0 0 0 0 0 0 0 0 0 0 0 0 
0 0 0 0 0 0 0 0 0 0 0 0 0 0 0 0 0 0 0 0 0 0 0 0 0 0 0 0 0 0 0 0 0 0 0 0 0 0 0 0 0 0 0 0 0 0 0 0 0 0 0 0 0 0 0 0 0 0 0 0 0 0 0 0 0 0 0 0 0 0 0 0 0 0 0 0 0 0 0 0 0 0 0 0 0 0 0 0 0 0 0 0 0 0 0 0 0 0 0 0 0 0 0 0 0 0 0 0 0 0 0 0 
0 0 0 0 0 0 0 0 0 0 0 0 0 0 0 0 0 0 0 0 0 0 0 0 0 0 0 0 0 0 0 0 0 0 0 0 0 0 0 0 0 0 0 0 0 0 0 0 0 0 0 0 0 0 0 0 0 0 0 0 0 0 0 0 0 0 0 0 0 0 0 0 0 0 0 0 0 0 0 0 0 0 0 0 0 0 0 0 0 0 0 0 0 0 0 0 0 0 0 0 0 0 0 0 0 0 0 0 0 0 0 0 
0 0 0 0 0 0 0 0 0 0 0 0 0 0 0 0 0 0 0 0 0 0 0 0 0 0 0 0 0 0 0 0 0 0 0 0 0 0 0 0 0 0 0 0 0 0 0 0 0 0 0 0 0 0 0 0 0 0 0 0 0 0 0 0 0 0 0 0 0 0 0 0 0 0 0 0 0 0 0 0 0 0 0 0 0 0 0 0 0 0 0 0 0 0 0 0 0 0 0 0 0 0 0 0 0 0 0 0 0 0 0 0 
0 0 0 0 0 0 0 0 0 0 0 0 0 0 0 0 0 0 0 0 0 0 0 0 0 0 0 0 0 0 0 0 0 0 0 0 0 0 0 0 0 0 0 0 0 0 0 0 0 0 0 0 0 0 0 0 0 0 0 0 0 0 0 0 0 0 0 0 0 0 0 0 0 0 0 0 0 0 0 0 0 0 0 0 0 0 0 0 0 0 0 0 0 0 0 0 0 0 0 0 0 0 0 0 0 0 0 0 0 0 0 0 
0 0 0 0 0 0 0 0 0 0 0 0 0 0 0 0 0 0 0 0 0 0 0 0 0 0 0 0 0 0 0 0 0 0 0 0 0 0 0 0 0 0 0 0 0 0 0 0 0 0 0 0 0 0 0 0 0 0 0 0 0 0 0 0 0 0 0 0 0 0 0 0 0 0 0 0 0 0 0 0 0 0 0 0 0 0 0 0 0 0 0 0 0 0 0 0 0 0 0 0 0 0 0 0 0 0 0 0 0 0 0 0 
0 0 0 0 0 0 0 0 0 0 0 0 0 0 0 0 0 0 0 0 0 0 0 0 0 0 0 0 0 0 0 0 0 0 0 0 0 0 0 0 0 0 0 0 0 0 0 0 0 0 0 0 0 0 0 0 0 0 0 0 0 0 0 0 0 0 0 0 0 0 0 0 0 0 0 0 0 0 0 0 0 0 0 0 0 0 0 0 0 0 0 0 0 0 0 0 0 0 0 0 0 0 0 0 0 0 0 0 0 0 0 0 
0 0 0 0 0 0 0 0 0 0 0 0 0 0 0 0 0 0 0 0 0 0 0 0 0 0 0 0 0 0 0 0 0 0 0 0 0 0 0 0 0 0 0 0 0 0 0 0 0 0 0 0 0 0 0 0 0 0 0 0 0 0 0 0 0 0 0 0 0 0 0 0 0 0 0 0 0 0 0 0 0 0 0 0 0 0 0 0 0 0 0 0 0 0 0 0 0 0 0 0 0 0 0 0 0 0 0 0 0 0 0 0 
0 0 0 0 0 0 0 0 0 0 0 0 0 0 0 0 0 0 0 0 0 0 0 0 0 0 0 0 0 0 0 0 0 0 0 0 0 0 0 0 0 0 0 0 0 0 0 0 0 0 0 0 0 0 0 0 0 0 0 0 0 0 0 0 0 0 0 0 0 0 0 0 0 0 0 0 0 0 0 0 0 0 0 0 0 0 0 0 0 0 0 0 0 0 0 0 0 0 0 0 0 0 0 0 0 0 0 0 0 0 0 0 
0 0 0 0 0 0 0 0 0 0 0 0 0 0 0 0 0 0 0 0 0 0 0 0 0 0 0 0 0 0 0 0 0 0 0 0 0 0 0 0 0 0 0 0 0 0 0 0 0 0 0 0 0 0 0 0 0 0 0 0 0 0 0 0 0 0 0 0 0 0 0 0 0 0 0 0 0 0 0 0 0 0 0 0 0 0 0 0 0 0 0 0 0 0 0 0 0 0 0 0 0 0 0 0 0 0 0 0 0 0 0 0 
0 0 0 0 0 0 0 0 0 0 0 0 0 0 0 0 0 0 0 0 0 0 0 0 0 0 0 0 0 0 0 0 0 0 0 0 0 0 0 0 0 0 0 0 0 0 0 0 0 0 0 0 0 0 0 0 0 0 0 0 0 0 0 0 0 0 0 0 0 0 0 0 0 0 0 0 0 0 0 0 0 0 0 0 0 0 0 0 0 0 0 0 0 0 0 0 0 0 0 0 0 0 0 0 0 0 0 0 0 0 0 0 
0 0 0 0 0 0 0 0 0 0 0 0 0 0 0 0 0 0 0 0 0 0 0 0 0 0 0 0 0 0 0 0 0 0 0 0 0 0 0 0 0 0 0 0 0 0 0 0 0 0 0 0 0 0 0 0 0 0 0 0 0 0 0 0 0 0 0 0 0 0 0 0 0 0 0 0 0 0 0 0 0 0 0 0 0 0 0 0 0 0 0 0 0 0 0 0 0 0 0 0 0 0 0 0 0 0 0 0 0 0 0 0 
0 0 0 0 0 0 0 0 0 0 0 0 0 0 0 0 0 0 0 0 0 0 0 0 0 0 0 0 0 0 0 0 0 0 0 0 0 0 0 0 0 0 0 0 0 0 0 0 0 0 0 0 0 0 0 0 0 0 0 0 0 0 0 0 0 0 0 0 0 0 0 0 0 0 0 0 0 0 0 0 0 0 0 0 0 0 0 0 0 0 0 0 0 0 0 0 0 0 0 0 0 0 0 0 0 0 0 0 0 0 0 0 
0 0 0 0 0 0 0 0 0 0 0 0 0 0 0 0 0 0 0 0 0 0 0 0 0 0 0 0 0 0 0 0 0 0 0 0 0 0 0 0 0 0 0 0 0 0 0 0 0 0 0 0 0 0 0 0 0 0 0 0 0 0 0 0 0 0 0 0 0 0 0 0 0 0 0 0 0 0 0 0 0 0 0 0 0 0 0 0 0 0 0 0 0 0 0 0 0 0 0 0 0 0 0 0 0 0 0 0 0 0 0 0 
0 0 0 0 0 0 0 0 0 0 0 0 0 0 0 0 0 0 0 0 0 0 0 0 0 0 0 0 0 0 0 0 0 0 0 0 0 0 0 0 0 0 0 0 0 0 0 0 0 0 0 0 0 0 0 0 0 0 0 0 0 0 0 0 0 0 0 0 0 0 0 0 0 0 0 0 0 0 0 0 0 0 0 0 0 0 0 0 0 0 0 0 0 0 0 0 0 0 0 0 0 0 0 0 0 0 0 0 0 0 0 0 
0 0 0 0 0 0 0 0 0 0 0 0 0 0 0 0 0 0 0 0 0 0 0 0 0 0 0 0 0 0 0 0 0 0 0 0 0 0 0 0 0 0 0 0 0 0 0 0 0 0 0 0 0 0 0 0 0 0 0 0 0 0 0 0 0 0 0 0 0 0 0 0 0 0 0 0 0 0 0 0 0 0 0 0 0 0 0 0 0 0 0 0 0 0 0 0 0 0 0 0 0 0 0 0 0 0 0 0 0 0 0 0 
0 0 0 0 0 0 0 0 0 0 0 0 0 0 0 0 0 0 0 0 0 0 0 0 0 0 0 0 0 0 0 0 0 0 0 0 0 0 0 0 0 0 0 0 0 0 0 0 0 0 0 0 0 0 0 0 0 0 0 0 0 0 0 0 0 0 0 0 0 0 0 0 0 0 0 0 0 0 0 0 0 0 0 0 0 0 0 0 0 0 0 0 0 0 0 0 0 0 0 0 0 0 0 0 0 0 0 0 0 0 0 0 
0 0 0 0 0 0 0 0 0 0 0 0 0 0 0 0 0 0 0 0 0 0 0 0 0 0 0 0 0 0 0 0 0 0 0 0 0 0 0 0 0 0 0 0 0 0 0 0 0 0 0 0 0 0 0 0 0 0 0 0 0 0 0 0 0 0 0 0 0 0 0 0 0 0 0 0 0 0 0 0 0 0 0 0 0 0 0 0 0 0 0 0 0 0 0 0 0 0 0 0 0 0 0 0 0 0 0 0 0 0 0 0 
0 0 0 0 0 0 0 0 0 0 0 0 0 0 0 0 0 0 0 0 0 0 0 0 0 0 0 0 0 0 0 0 0 0 0 0 0 0 0 0 0 0 0 0 0 0 0 0 0 0 0 0 0 0 0 0 0 0 0 0 0 0 0 0 0 0 0 0 0 0 0 0 0 0 0 0 0 0 0 0 0 0 0 0 0 0 0 0 0 0 0 0 0 0 0 0 0 0 0 0 0 0 0 0 0 0 0 0 0 0 0 0 
0 0 0 0 0 0 0 0 0 0 0 0 0 0 0 0 0 0 0 0 0 0 0 0 0 0 0 0 0 0 0 0 0 0 0 0 0 0 0 0 0 0 0 0 0 0 0 0 0 0 0 0 0 0 0 0 0 0 0 0 0 0 0 0 0 0 0 0 0 0 0 0 0 0 0 0 0 0 0 0 0 0 0 0 0 0 0 0 0 0 0 0 0 0 0 0 0 0 0 0 0 0 0 0 0 0 0 0 0 0 0 0 
0 0 0 0 0 0 0 0 0 0 0 0 0 0 0 0 0 0 0 0 0 0 0 0 0 0 0 0 0 0 0 0 0 0 0 0 0 0 0 0 0 0 0 0 0 0 0 0 0 0 0 0 0 0 0 0 0 0 0 0 0 0 0 0 0 0 0 0 0 0 0 0 0 0 0 0 0 0 0 0 0 0 0 0 0 0 0 0 0 0 0 0 0 0 0 0 0 0 0 0 0 0 0 0 0 0 0 0 0 0 0 0 
0 0 0 0 0 0 0 0 0 0 0 0 0 0 0 0 0 0 0 0 0 0 0 0 0 0 0 0 0 0 0 0 0 0 0 0 0 0 0 0 0 0 0 0 0 0 0 0 0 0 0 0 0 0 0 0 0 0 0 0 0 0 0 0 0 0 0 0 0 0 0 0 0 0 0 0 0 0 0 0 0 0 0 0 0 0 0 0 0 0 0 0 0 0 0 0 0 0 0 0 0 0 0 0 0 0 0 0 0 0 0 0 
0 0 0 0 0 0 0 0 0 0 0 0 0 0 0 0 0 0 0 0 0 0 0 0 0 0 0 0 0 0 0 0 0 0 0 0 0 0 0 0 0 0 0 0 0 0 0 0 0 0 0 0 0 0 0 0 0 0 0 0 0 0 0 0 0 0 0 0 0 0 0 0 0 0 0 0 0 0 0 0 0 0 0 0 0 0 0 0 0 0 0 0 0 0 0 0 0 0 0 0 0 0 0 0 0 0 0 0 0 0 0 0 
0 0 0 0 0 0 0 0 0 0 0 0 0 0 0 0 0 0 0 0 0 0 0 0 0 0 0 0 0 0 0 0 0 0 0 0 0 0 0 0 0 0 0 0 0 0 0 0 0 0 0 0 0 0 0 0 0 0 0 0 0 0 0 0 0 0 0 0 0 0 0 0 0 0 0 0 0 0 0 0 0 0 0 0 0 0 0 0 0 0 0 0 0 0 0 0 0 0 0 0 0 0 0 0 0 0 0 0 0 0 0 0 
0 0 0 0 0 0 0 0 0 0 0 0 0 0 0 0 0 0 0 0 0 0 0 0 0 0 0 0 0 0 0 0 0 0 0 0 0 0 0 0 0 0 0 0 0 0 0 0 0 0 0 0 0 0 0 0 0 0 0 0 0 0 0 0 0 0 0 0 0 0 0 0 0 0 0 0 0 0 0 0 0 0 0 0 0 0 0 0 0 0 0 0 0 0 0 0 0 0 0 0 0 0 0 0 0 0 0 0 0 0 0 0 
0 0 0 0 0 0 0 0 0 0 0 0 0 0 0 0 0 0 0 0 0 0 0 0 0 0 0 0 0 0 0 0 0 0 0 0 0 0 0 0 0 0 0 0 0 0 0 0 0 0 0 0 0 0 0 0 0 0 0 0 0 0 0 0 0 0 0 0 0 0 0 0 0 0 0 0 0 0 0 0 0 0 0 0 0 0 0 0 0 0 0 0 0 0 0 0 0 0 0 0 0 0 0 0 0 0 0 0 0 0 0 0 
0 0 0 0 0 0 0 0 0 0 0 0 0 0 0 0 0 0 0 0 0 0 0 0 0 0 0 0 0 0 0 0 0 0 0 0 0 0 0 0 0 0 0 0 0 0 0 0 0 0 0 0 0 0 0 0 0 0 0 0 0 0 0 0 0 0 0 0 0 0 0 0 0 0 0 0 0 0 0 0 0 0 0 0 0 0 0 0 0 0 0 0 0 0 0 0 0 0 0 0 0 0 0 0 0 0 0 0 0 0 0 0 
0 0 0 0 0 0 0 0 0 0 0 0 0 0 0 0 0 0 0 0 0 0 0 0 0 0 0 0 0 0 0 0 0 0 0 0 0 0 0 0 0 0 0 0 0 0 0 0 0 0 0 0 0 0 0 0 0 0 0 0 0 0 0 0 0 0 0 0 0 0 0 0 0 0 0 0 0 0 0 0 0 0 0 0 0 0 0 0 0 0 0 0 0 0 0 0 0 0 0 0 0 0 0 0 0 0 0 0 0 0 0 0 
0 0 0 0 0 0 0 0 0 0 0 0 0 0 0 0 0 0 0 0 0 0 0 0 0 0 0 0 0 0 0 0 0 0 0 0 0 0 0 0 0 0 0 0 0 0 0 0 0 0 0 0 0 0 0 0 0 0 0 0 0 0 0 0 0 0 0 0 0 0 0 0 0 0 0 0 0 0 0 0 0 0 0 0 0 0 0 0 0 0 0 0 0 0 0 0 0 0 0 0 0 0 0 0 0 0 0 0 0 0 0 0 
