4 250 79 
250 250 250 250 
71 887 57 943
65 1048 28 1116
33 576 50 628
67 460 28 511
28 1056 66 1121
13 497 45 562
68 907 13 963
5 962 75 1000
20 620 26 689
11 982 19 1079
43 843 24 906
30 983 13 1023
36 868 52 904
34 802 39 855
29 437 17 496
32 850 67 915
24 1075 63 1131
20 634 27 683
37 802 43 838
35 1060 64 1095
37 832 19 885
56 502 41 556
63 933 38 995
4 555 53 640
26 917 58 975
69 1043 49 1101
54 637 14 708
52 428 38 489
30 743 31 798
37 431 70 464
49 970 76 1011
38 635 61 730
44 779 78 846
50 622 66 710
46 1016 60 1076
47 521 37 596
52 742 57 812
42 673 31 707
34 989 45 1072
37 940 42 967
25 611 35 628
19 661 6 727
68 469 78 516
72 682 66 775
36 788 18 847
31 1011 75 1056
53 708 77 785
71 604 65 689
40 608 10 644
4 728 59 773
23 1065 39 1106
5 429 17 510
35 588 17 617
66 590 74 619
5 907 46 965
37 447 15 507
69 988 23 1074
77 1056 75 1123
20 867 15 898
40 475 44 508
18 510 41 541
9 492 72 552
39 538 76 581
63 532 33 600
45 440 26 499
64 1070 18 1126
21 698 13 729
27 691 20 751
74 825 38 904
21 1053 47 1103
26 617 11 637
22 435 42 490
34 1047 67 1106
37 503 10 569
47 894 14 909
9 1053 16 1117
15 1021 28 1068
52 704 75 763
48 757 67 817
16 844 76 883
55 609 63 664
69 827 44 914
28 483 61 547
67 504 13 554
55 797 5 851
61 454 41 493
28 629 10 689
51 1037 20 1099
78 1021 77 1050
19 1056 60 1075
16 663 75 700
72 740 39 762
32 709 62 755
7 956 32 1019
32 769 78 813
68 595 9 653
20 690 32 726
8 594 29 641
38 707 14 795
70 1075 74 1138
19 1033 19 1284
23 1180 23 1363
66 626 66 855
21 632 21 906
71 1162 71 1380
12 1115 12 1355
29 479 29 726
44 316 44 561
27 1093 27 1327
53 1132 53 1396
68 1066 68 1358
50 734 50 976
59 908 59 1140
26 570 26 784
24 1037 24 1275
63 911 63 1139
77 869 77 1054
64 794 64 1090
53 709 53 898
43 1021 43 1288
52 1097 52 1370
32 1038 32 1305
64 969 64 1206
73 865 73 1053
69 533 69 720
60 915 60 1176
56 346 56 581
28 821 28 1066
33 1112 33 1325
45 555 45 842
37 334 37 594
51 961 51 1232
20 858 20 1060
12 1187 12 1394
74 399 74 641
59 533 59 762
57 889 57 1133
45 492 45 751
76 997 76 1249
74 937 74 1178
73 640 73 838
46 902 46 1168
48 968 48 1193
33 888 33 1127
19 698 19 973
9 350 9 570
43 702 43 990
61 366 61 647
60 553 60 815
18 669 18 863
57 1016 57 1280
30 641 30 883
20 1133 20 1426
18 315 18 586
55 457 55 720
75 731 75 962
10 1041 10 1252
34 920 34 1205
60 1007 60 1264
6 1146 6 1329
15 692 15 942
24 487 24 779
53 1098 53 1369
36 637 36 841
27 354 27 541
67 876 67 1136
5 579 5 772
46 723 46 934
59 877 59 1152
70 1156 70 1392
68 1029 68 1278
56 331 56 625
31 738 31 988
26 673 26 908
49 555 49 810
19 995 19 1196
20 316 20 534
68 1000 68 1203
10 1079 10 1370
51 1106 51 1316
8 1040 8 1313
49 629 49 826
8 408 8 690
75 1117 75 1383
4 664 4 916
23 665 23 856
78 1124 78 1372
22 600 22 833
68 855 68 1145
35 793 35 1010
46 600 46 861
12 599 12 805
56 675 56 860
69 642 69 833
65 471 65 687
74 403 74 607
18 801 18 1097
14 453 14 750
33 922 33 1192
63 848 63 1065
5 614 5 863
75 1195 75 1385
77 494 77 779
55 542 55 782
27 638 27 872
6 1195 6 1489
73 853 73 1054
30 1060 30 1243
46 1134 46 1430
27 1116 27 1362
53 1095 53 1288
10 870 10 1106
9 459 9 690
36 709 36 995
23 910 23 1198
78 1040 78 1233
18 378 18 595
21 663 21 885
12 1097 12 1365
78 785 78 1055
33 721 33 947
73 647 73 886
46 337 46 605
57 810 57 1088
5 347 5 616
19 813 19 1042
37 1106 37 1405
42 1172 42 1358
17 1148 17 1346
73 329 73 547
26 441 26 669
63 634 63 869
10 304 10 588
42 436 42 697
30 667 30 956
45 631 45 827
42 433 42 643
51 575 51 864
25 1150 25 1394
41 657 41 909
21 372 21 589
45 657 45 907
58 680 58 912
69 574 69 791
66 949 66 1145
77 1079 77 1376
8 892 8 1121
4 568 4 849
64 584 64 785
61 1050 61 1235
0 61 86 61 19 46 18 53 40 20 37 54 58 65 56 45 55 66 58 61 54 69 39 23 26 43 44 26 54 56 51 65 29 50 32 46 37 57 54 44 14 53 50 61 25 39 64 48 30 44 44 42 22 61 24 62 64 57 73 39 57 50 30 59 59 17 56 51 70 69 42 60 40 27 39 52 62 30 47 
61 0 61 86 62 24 45 22 47 59 70 72 16 37 77 63 40 70 48 5 46 54 36 46 48 67 68 42 53 81 20 50 57 13 67 68 43 48 20 28 56 67 52 22 40 24 44 75 67 42 30 20 48 42 58 54 62 54 51 55 5 76 42 70 82 45 82 36 55 46 36 35 27 40 62 45 62 62 70 
86 61 0 61 73 49 70 45 47 70 65 50 47 27 55 51 33 35 29 57 33 18 49 64 61 56 56 62 34 59 47 22 61 57 66 54 50 30 46 49 73 47 38 40 64 61 23 60 68 43 47 63 65 27 66 27 29 31 14 51 60 59 57 43 57 74 60 37 18 19 46 30 54 61 56 35 31 64 55 
61 86 61 0 43 63 57 66 40 43 25 15 73 60 10 24 49 27 44 83 43 47 51 50 46 22 20 53 37 7 67 47 36 75 30 20 45 43 68 59 50 20 36 69 56 69 52 15 32 45 56 73 49 52 40 40 34 37 55 32 82 12 49 20 5 62 6 52 47 55 51 58 62 54 27 44 32 33 17 
19 62 73 43 0 42 20 48 27 5 19 36 55 55 38 27 44 49 45 60 41 56 31 17 16 25 26 21 40 38 47 52 13 50 14 28 26 44 50 38 9 35 36 55 23 40 53 29 12 33 37 44 15 50 8 48 48 43 60 23 58 32 22 41 41 24 38 42 56 57 34 51 37 23 21 40 46 12 29 
46 24 49 63 42 0 28 8 24 38 48 49 14 24 54 40 21 49 28 21 25 37 13 26 27 43 45 22 31 57 7 33 34 13 44 44 19 28 9 5 37 44 29 16 22 13 28 52 45 19 7 15 28 25 37 35 41 33 37 32 20 53 20 48 59 30 58 15 38 32 13 20 6 20 39 23 41 39 47 
18 45 70 57 20 28 0 35 26 17 34 46 41 48 50 36 39 55 43 44 39 54 22 8 13 36 38 9 41 51 34 50 21 34 29 39 22 42 36 26 12 44 37 43 7 23 48 43 28 29 27 27 9 45 19 48 51 44 57 28 41 46 15 50 54 6 52 35 55 53 26 44 23 10 31 37 50 25 41 
53 22 45 66 48 8 35 0 28 44 52 52 8 19 57 43 20 49 27 18 26 35 18 33 33 47 49 29 32 61 3 31 40 13 50 48 24 27 3 11 44 47 31 9 29 18 25 56 51 22 12 19 35 22 43 34 41 33 33 37 18 57 27 50 62 37 62 15 36 28 17 17 13 27 43 24 41 45 51 
40 47 47 40 27 24 26 28 0 24 26 26 35 30 31 17 18 30 19 44 15 30 12 19 16 20 22 19 15 34 29 26 16 36 24 21 7 18 30 20 27 22 11 33 22 30 26 29 26 8 18 34 20 23 21 23 26 18 34 10 43 30 13 27 36 31 35 17 30 31 12 26 23 19 16 13 25 20 24 
20 59 70 43 5 38 17 44 24 0 19 35 51 52 37 26 40 47 41 57 38 53 27 14 12 24 25 18 37 37 44 49 10 47 14 27 23 41 46 35 8 33 33 52 20 36 49 29 13 29 34 41 12 46 5 45 45 40 57 20 54 32 19 40 41 22 38 38 53 54 30 48 34 20 20 36 44 11 28 
37 70 65 25 19 48 34 52 26 19 0 20 60 53 20 15 41 35 39 68 36 48 35 29 25 10 10 32 32 20 53 45 15 58 6 13 29 39 54 44 26 21 29 58 35 50 48 11 8 32 42 54 27 46 17 39 37 35 54 17 66 14 30 27 23 39 20 42 48 53 37 50 45 33 11 36 35 11 13 
54 72 50 15 36 49 46 52 26 35 20 0 59 46 7 11 35 17 30 68 29 35 38 39 35 12 12 41 22 11 53 34 27 61 24 9 32 29 53 45 42 6 22 55 45 55 39 12 26 31 43 59 39 38 31 27 22 24 42 20 68 10 36 8 11 52 12 38 34 42 37 43 48 42 16 30 20 25 8 
58 16 47 73 55 14 41 8 35 51 60 59 0 22 64 51 26 55 33 12 32 39 26 39 40 55 56 35 39 68 8 36 47 12 57 55 32 33 6 18 50 54 38 8 35 21 29 63 58 29 19 20 41 27 50 40 47 39 36 44 14 64 33 57 69 42 69 22 40 31 24 21 19 33 51 30 47 52 58 
65 37 27 60 55 24 48 19 30 52 53 46 22 0 51 41 13 38 17 33 18 19 27 43 41 46 47 40 24 56 22 16 45 32 52 45 30 17 20 24 53 41 26 15 42 36 9 53 54 23 23 37 44 9 49 22 29 23 15 37 35 53 36 42 56 51 57 15 19 10 24 5 29 39 43 18 30 49 48 
56 77 55 10 38 54 50 57 31 37 20 7 64 51 0 16 41 21 35 74 34 40 43 43 39 15 13 45 28 5 58 39 30 66 25 12 37 35 59 50 44 11 27 61 49 60 44 10 27 36 48 64 42 43 34 32 27 29 47 24 73 7 41 12 6 55 7 44 39 47 42 49 53 46 20 35 25 27 10 
45 63 51 24 27 40 36 43 17 26 15 11 51 41 16 0 29 22 25 60 23 34 28 29 24 6 7 31 18 19 44 31 17 52 17 6 22 25 45 36 32 9 16 48 34 46 35 14 20 22 34 50 28 33 22 25 23 21 40 10 59 14 26 15 21 42 20 31 34 39 28 38 38 31 7 23 21 17 8 
55 40 33 49 44 21 39 20 18 40 41 35 26 13 41 29 0 31 9 36 7 18 18 33 31 34 36 31 14 45 22 13 33 32 40 34 19 8 22 18 43 30 15 21 33 32 10 42 42 12 16 34 34 7 37 15 22 14 19 25 37 42 26 32 45 43 46 6 19 15 14 10 24 30 31 7 22 37 36 
66 70 35 27 49 49 55 49 30 47 35 17 55 38 21 22 31 0 23 66 25 23 40 48 43 26 26 48 19 25 51 23 38 60 38 23 36 23 51 45 53 15 21 50 51 58 30 28 41 32 43 61 48 30 43 17 10 17 30 28 67 26 43 10 23 60 26 35 22 31 38 37 50 48 29 27 9 38 24 
58 48 29 44 45 28 43 27 19 41 39 30 33 17 35 25 9 23 0 44 5 13 23 36 33 31 32 35 8 39 29 8 33 39 39 30 22 1 29 25 45 25 11 28 37 39 10 37 41 15 23 41 37 9 38 8 15 7 17 24 45 37 29 26 39 47 41 14 13 14 20 15 30 34 29 7 15 36 32 
61 5 57 83 60 21 44 18 44 57 68 68 12 33 74 60 36 66 44 0 42 50 34 44 46 64 65 40 49 77 17 46 55 12 64 65 40 44 16 25 55 64 48 18 39 23 40 72 65 39 27 20 46 38 56 50 58 50 46 53 5 73 40 67 79 44 78 32 51 42 33 31 24 39 59 41 58 59 67 
54 46 33 43 41 25 39 26 15 38 36 29 32 18 34 23 7 25 5 42 0 17 19 32 29 28 30 31 8 38 27 12 29 37 36 28 18 5 27 22 41 24 9 27 33 36 13 36 38 11 20 38 33 11 34 11 17 9 21 21 43 36 25 26 39 43 40 11 17 18 16 16 27 30 26 3 17 33 30 
69 54 18 47 56 37 54 35 30 53 48 35 39 19 40 34 18 23 13 50 17 0 34 48 45 39 40 46 17 44 37 6 44 47 49 38 34 13 36 35 57 31 21 33 49 49 11 44 51 27 33 51 49 14 49 10 15 14 8 34 52 44 41 29 43 59 46 23 2 10 31 20 40 46 39 19 16 47 39 
39 36 49 51 31 13 22 18 12 27 35 38 26 27 43 28 18 40 23 34 19 34 0 17 16 31 33 14 23 46 18 29 23 25 32 33 7 22 20 9 28 33 20 25 16 19 27 40 33 10 8 23 19 23 26 29 34 25 36 20 32 41 10 38 47 26 47 14 35 31 4 23 11 13 27 17 33 27 35 
23 46 64 50 17 26 8 33 19 14 29 39 39 43 43 29 33 48 36 44 32 48 17 0 6 30 31 5 34 45 32 44 15 34 24 32 15 36 34 23 12 37 30 41 7 24 42 37 24 23 23 28 3 39 14 41 44 37 51 21 42 39 9 43 48 14 45 30 48 47 21 39 21 7 24 30 43 19 34 
26 48 61 46 16 27 13 33 16 12 25 35 40 41 39 24 31 43 33 46 29 45 16 6 0 25 26 8 30 40 33 40 11 36 20 27 13 33 35 23 13 32 26 41 11 26 40 33 20 20 22 31 5 37 11 37 40 33 48 16 44 35 7 38 43 18 41 28 45 45 19 37 23 9 20 27 39 15 30 
43 67 56 22 25 43 36 47 20 24 10 12 55 46 15 6 34 26 31 64 28 39 31 30 25 0 3 32 24 16 48 37 16 55 13 4 25 30 49 39 31 12 21 52 35 48 40 9 16 26 37 52 29 38 20 30 28 26 46 12 62 11 28 18 19 42 17 35 39 44 32 43 42 33 6 28 26 14 6 
44 68 56 20 26 45 38 49 22 25 10 12 56 47 13 7 36 26 32 65 30 40 33 31 26 3 0 33 25 15 50 38 17 56 13 4 27 32 51 41 32 12 22 54 37 50 41 8 16 28 39 54 30 39 21 31 28 27 47 14 64 9 29 18 18 43 15 37 40 45 33 44 43 34 8 30 26 15 4 
26 42 62 53 21 22 9 29 19 18 32 41 35 40 45 31 31 48 35 40 31 46 14 5 8 32 33 0 33 47 28 42 18 30 28 34 14 34 30 19 16 38 29 37 4 20 40 40 27 21 19 24 7 37 18 40 44 36 49 22 37 42 7 44 50 13 48 27 47 45 18 36 17 3 27 29 43 23 36 
54 53 34 37 40 31 41 32 15 37 32 22 39 24 28 18 14 19 8 49 8 17 23 34 30 24 25 33 0 32 34 14 28 43 33 23 20 8 34 28 41 18 5 34 36 41 18 30 35 14 25 44 34 16 33 9 12 4 23 18 49 30 27 19 32 46 33 18 17 21 21 22 32 33 23 9 11 30 25 
56 81 59 7 38 57 51 61 34 37 20 11 68 56 5 19 45 25 39 77 38 44 46 45 40 16 15 47 32 0 62 43 31 69 25 14 40 39 62 53 44 15 31 64 50 63 48 9 27 39 51 67 44 47 34 36 31 33 51 27 76 7 43 17 5 56 2 47 44 52 46 53 56 48 21 39 29 28 12 
51 20 47 67 47 7 34 3 29 44 53 53 8 22 58 44 22 51 29 17 27 37 18 32 33 48 50 28 34 62 0 33 40 11 50 49 25 29 3 10 43 48 33 11 28 16 27 56 51 23 12 16 34 24 43 36 43 35 35 37 17 57 26 51 63 36 63 17 38 30 17 19 12 26 44 25 43 45 52 
65 50 22 47 52 33 50 31 26 49 45 34 36 16 39 31 13 23 8 46 12 6 29 44 40 37 38 42 14 43 33 0 40 43 46 35 29 9 32 31 52 29 18 29 44 44 8 42 48 22 29 46 44 10 45 8 15 12 10 31 48 42 36 28 43 54 44 19 6 9 26 16 36 41 35 14 16 43 37 
29 57 61 36 13 34 21 40 16 10 15 27 47 45 30 17 33 38 33 55 29 44 23 15 11 16 17 18 28 31 40 40 0 45 11 19 17 33 42 31 16 25 24 47 21 36 41 23 12 22 29 40 14 38 7 36 36 31 49 11 52 25 16 31 34 27 31 32 44 46 24 41 31 19 11 28 35 6 21 
50 13 57 75 50 13 34 13 36 47 58 61 12 32 66 52 32 60 39 12 37 47 25 34 36 55 56 30 43 69 11 43 45 0 55 56 31 39 12 17 44 56 41 19 28 12 37 63 55 31 19 9 36 35 46 46 53 44 45 44 9 65 30 60 71 34 70 26 48 40 25 29 15 28 50 35 53 50 59 
32 67 66 30 14 44 29 50 24 14 6 24 57 52 25 17 40 38 39 64 36 49 32 24 20 13 13 28 33 25 50 46 11 55 0 16 26 39 51 40 21 24 29 56 30 46 48 16 4 30 39 50 23 45 12 40 39 35 55 16 62 19 26 30 28 34 25 40 49 52 34 49 41 29 11 35 37 6 16 
46 68 54 20 28 44 39 48 21 27 13 9 55 45 12 6 34 23 30 65 28 38 33 32 27 4 4 34 23 14 49 35 19 56 16 0 27 29 50 40 33 9 20 52 37 50 39 9 19 27 38 54 31 37 23 29 26 25 44 14 63 10 30 15 17 44 15 35 37 43 33 42 43 35 9 28 24 17 4 
37 43 50 45 26 19 22 24 7 23 29 32 32 30 37 22 19 36 22 40 18 34 7 15 13 25 27 14 20 40 25 29 17 31 26 27 0 22 26 15 25 28 17 31 17 24 28 34 27 8 14 28 16 25 20 27 31 23 37 14 38 35 8 33 42 26 41 16 34 33 9 26 17 13 21 16 30 22 29 
57 48 30 43 44 28 42 27 18 41 39 29 33 17 35 25 8 23 1 44 5 13 22 36 33 30 32 34 8 39 29 9 33 39 39 29 22 0 29 25 45 25 11 28 37 39 11 37 41 15 23 41 37 9 38 8 15 7 17 24 45 37 29 25 39 47 40 14 13 15 20 15 30 34 29 7 15 36 32 
54 20 46 68 50 9 36 3 30 46 54 53 6 20 59 45 22 51 29 16 27 36 20 34 35 49 51 30 34 62 3 32 42 12 51 50 26 29 0 12 45 49 33 9 30 19 26 58 52 24 14 18 36 24 45 36 43 35 34 38 17 59 28 52 64 38 64 17 37 29 19 18 14 29 45 26 43 47 53 
44 28 49 59 38 5 26 11 20 35 44 45 18 24 50 36 18 45 25 25 22 35 9 23 23 39 41 19 28 53 10 31 31 17 40 40 15 25 12 0 34 40 26 18 20 15 27 48 41 15 3 17 25 23 33 32 38 30 36 28 24 49 17 44 55 29 54 13 36 30 9 20 6 18 35 20 38 36 43 
14 56 73 50 9 37 12 44 27 8 26 42 50 53 44 32 43 53 45 55 41 57 28 12 13 31 32 16 41 44 43 52 16 44 21 33 25 45 45 34 0 40 37 52 17 33 52 36 19 32 34 37 10 49 11 49 51 44 60 25 51 39 19 46 48 15 45 40 57 57 31 49 32 17 26 39 49 18 35 
53 67 47 20 35 44 44 47 22 33 21 6 54 41 11 9 30 15 25 64 24 31 33 37 32 12 12 38 18 15 48 29 25 56 24 9 28 25 49 40 40 0 17 50 41 51 34 15 26 26 38 55 36 33 30 23 18 19 38 17 63 14 33 7 16 49 17 33 30 37 33 39 44 38 15 25 16 24 10 
50 52 38 36 36 29 37 31 11 33 29 22 38 26 27 16 15 21 11 48 9 21 20 30 26 21 22 29 5 31 33 18 24 41 29 20 17 11 33 26 37 17 0 34 32 38 20 28 31 12 23 42 30 18 29 13 15 8 27 14 48 28 23 20 32 42 32 17 21 24 18 23 30 29 19 9 14 26 23 
61 22 40 69 55 16 43 9 33 52 58 55 8 15 61 48 21 50 28 18 27 33 25 41 41 52 54 37 34 64 11 29 47 19 56 52 31 28 9 18 52 50 34 0 37 26 23 60 57 27 19 26 42 21 50 34 41 34 29 42 21 61 34 52 65 45 65 18 33 24 23 14 21 35 49 26 42 51 55 
25 40 64 56 23 22 7 29 22 20 35 45 35 42 49 34 33 51 37 39 33 49 16 7 11 35 37 4 36 50 28 44 21 28 30 37 17 37 30 20 17 41 32 37 0 18 42 43 30 23 20 22 9 39 20 43 47 39 51 26 36 45 10 47 53 11 51 29 49 47 19 37 17 4 30 31 46 25 40 
39 24 61 69 40 13 23 18 30 36 50 55 21 36 60 46 32 58 39 23 36 49 19 24 26 48 50 20 41 63 16 44 36 12 46 50 24 39 19 15 33 51 38 26 18 0 40 56 46 27 17 5 26 36 36 45 51 43 49 37 19 58 21 56 65 22 64 27 49 43 21 32 10 18 43 33 51 41 52 
64 44 23 52 53 28 48 25 26 49 48 39 29 9 44 35 10 30 10 40 13 11 27 42 40 40 41 40 18 48 27 8 41 37 48 39 28 11 26 27 52 34 20 23 42 40 0 47 50 21 25 42 44 5 46 14 21 16 10 33 42 46 35 34 48 52 50 15 12 6 24 10 32 39 38 14 22 45 41 
48 75 60 15 29 52 43 56 29 29 11 12 63 53 10 14 42 28 37 72 36 44 40 37 33 9 8 40 30 9 56 42 23 63 16 9 34 37 58 48 36 15 28 60 43 56 47 0 19 35 46 60 36 45 26 36 32 32 51 21 71 4 36 19 13 48 10 43 44 50 40 50 50 41 14 36 30 20 6 
30 67 68 32 12 45 28 51 26 13 8 26 58 54 27 20 42 41 41 65 38 51 33 24 20 16 16 27 35 27 51 48 12 55 4 19 27 41 52 41 19 26 31 57 30 46 50 19 0 32 40 50 22 47 11 43 42 38 57 18 63 21 26 33 31 33 27 42 51 54 35 50 42 29 14 37 40 7 19 
44 42 43 45 33 19 29 22 8 29 32 31 29 23 36 22 12 32 15 39 11 27 10 23 20 26 28 21 14 39 23 22 22 31 30 27 8 15 24 15 32 26 12 27 23 27 21 35 32 0 13 31 23 18 27 21 25 17 30 16 38 35 15 30 41 33 41 11 27 26 8 20 19 20 23 9 25 26 30 
44 30 47 56 37 7 27 12 18 34 42 43 19 23 48 34 16 43 23 27 20 33 8 23 22 37 39 19 25 51 12 29 29 19 39 38 14 23 14 3 34 38 23 19 20 17 25 46 40 13 0 19 24 21 32 30 36 27 34 26 26 47 16 42 53 29 52 11 34 29 7 19 8 18 33 18 35 34 41 
42 20 63 73 44 15 27 19 34 41 54 59 20 37 64 50 34 61 41 20 38 51 23 28 31 52 54 24 44 67 16 46 40 9 50 54 28 41 18 17 37 55 42 26 22 5 42 60 50 31 19 0 30 38 41 48 54 46 50 41 16 62 26 60 69 26 68 29 51 45 24 34 13 22 47 36 54 45 56 
22 48 65 49 15 28 9 35 20 12 27 39 41 44 42 28 34 48 37 46 33 49 19 3 5 29 30 7 34 44 34 44 14 36 23 31 16 37 36 25 10 36 30 42 9 26 44 36 22 23 24 30 0 40 12 42 44 37 52 20 44 38 10 42 47 14 44 31 49 48 22 40 23 9 24 31 43 18 33 
61 42 27 52 50 25 45 22 23 46 46 38 27 9 43 33 7 30 9 38 11 14 23 39 37 38 39 37 16 47 24 10 38 35 45 37 25 9 24 23 49 33 18 21 39 36 5 45 47 18 21 38 40 0 43 14 22 15 14 30 39 45 31 34 47 48 49 11 14 9 20 8 28 36 36 11 22 42 40 
24 58 66 40 8 37 19 43 21 5 17 31 50 49 34 22 37 43 38 56 34 49 26 14 11 20 21 18 33 34 43 45 7 46 12 23 20 38 45 33 11 30 29 50 20 36 46 26 11 27 32 41 12 43 0 41 42 36 54 16 54 29 17 36 38 24 35 36 49 51 28 45 33 19 16 33 40 7 25 
62 54 27 40 48 35 48 34 23 45 39 27 40 22 32 25 15 17 8 50 11 10 29 41 37 30 31 40 9 36 36 8 36 46 40 29 27 8 36 32 49 23 13 34 43 45 14 36 43 21 30 48 42 14 41 0 9 6 16 26 51 35 34 21 36 52 38 20 10 16 26 21 37 39 30 13 9 38 31 
64 62 29 34 48 41 51 41 26 45 37 22 47 29 27 23 22 10 15 58 17 15 34 44 40 28 28 44 12 31 43 15 36 53 39 26 31 15 43 38 51 18 15 41 47 51 21 32 42 25 36 54 44 22 42 9 0 10 22 26 58 31 38 15 30 56 32 27 14 23 32 28 43 43 29 19 3 38 27 
57 54 31 37 43 33 44 33 18 40 35 24 39 23 29 21 14 17 7 50 9 14 25 37 33 26 27 36 4 33 35 12 31 44 35 25 23 7 35 30 44 19 8 34 39 43 16 32 38 17 27 46 37 15 36 6 10 0 21 21 50 31 30 19 33 48 35 19 14 19 23 22 34 35 25 11 9 33 27 
73 51 14 55 60 37 57 33 34 57 54 42 36 15 47 40 19 30 17 46 21 8 36 51 48 46 47 49 23 51 35 10 49 45 55 44 37 17 34 36 60 38 27 29 51 49 10 51 57 30 34 50 52 14 54 16 22 21 0 40 49 50 44 36 50 61 53 24 9 6 33 18 41 48 45 22 23 52 46 
39 55 51 32 23 32 28 37 10 20 17 20 44 37 24 10 25 28 24 53 21 34 20 21 16 12 14 22 18 27 37 31 11 44 16 14 14 24 38 28 25 17 14 42 26 37 33 21 18 16 26 41 20 30 16 26 26 21 40 0 51 22 17 23 29 33 28 25 34 37 21 34 30 23 8 20 25 13 16 
57 5 60 82 58 20 41 18 43 54 66 68 14 35 73 59 37 67 45 5 43 52 32 42 44 62 64 37 49 76 17 48 52 9 62 63 38 45 17 24 51 63 48 21 36 19 42 71 63 38 26 16 44 39 54 51 58 50 49 51 0 72 38 67 78 40 77 32 52 44 32 33 22 36 58 41 59 57 66 
50 76 59 12 32 53 46 57 30 32 14 10 64 53 7 14 42 26 37 73 36 44 41 39 35 11 9 42 30 7 57 42 25 65 19 10 35 37 59 49 39 14 28 61 45 58 46 4 21 35 47 62 38 45 29 35 31 31 50 22 72 0 38 17 10 51 7 44 43 50 41 50 51 43 16 36 29 22 7 
30 42 57 49 22 20 15 27 13 19 30 36 33 36 41 26 26 43 29 40 25 41 10 9 7 28 29 7 27 43 26 36 16 30 26 30 8 29 28 17 19 33 23 34 10 21 35 36 26 15 16 26 10 31 17 34 38 30 44 17 38 38 0 38 45 19 44 22 41 40 13 31 17 7 23 23 37 21 32 
59 70 43 20 41 48 50 50 27 40 27 8 57 42 12 15 32 10 26 67 26 29 38 43 38 18 18 44 19 17 51 28 31 60 30 15 33 25 52 44 46 7 20 52 47 56 34 19 33 30 42 60 42 34 36 21 15 19 36 23 67 17 38 0 15 55 18 36 28 37 37 40 48 44 21 27 14 30 15 
59 82 57 5 41 59 54 62 36 41 23 11 69 56 6 21 45 23 39 79 39 43 47 48 43 19 18 50 32 5 63 43 34 71 28 17 42 39 64 55 48 16 32 65 53 65 48 13 31 41 53 69 47 47 38 36 30 33 50 29 78 10 45 15 0 60 5 48 43 51 47 53 58 51 24 40 28 31 14 
17 45 74 62 24 30 6 37 31 22 39 52 42 51 55 42 43 60 47 44 43 59 26 14 18 42 43 13 46 56 36 54 27 34 34 44 26 47 38 29 15 49 42 45 11 22 52 48 33 33 29 26 14 48 24 52 56 48 61 33 40 51 19 55 60 0 57 38 59 56 29 47 25 14 37 41 55 30 46 
56 82 60 6 38 58 52 62 35 38 20 12 69 57 7 20 46 26 41 78 40 46 47 45 41 17 15 48 33 2 63 44 31 70 25 15 41 40 64 54 45 17 32 65 51 64 50 10 27 41 52 68 44 49 35 38 32 35 53 28 77 7 44 18 5 57 0 48 45 53 47 54 57 49 22 40 30 28 12 
51 36 37 52 42 15 35 15 17 38 42 38 22 15 44 31 6 35 14 32 11 23 14 30 28 35 37 27 18 47 17 19 32 26 40 35 16 14 17 13 40 33 17 18 29 27 15 43 42 11 11 29 31 11 36 20 27 19 24 25 32 44 22 36 48 38 48 0 24 19 10 10 18 26 32 10 27 36 38 
70 55 18 47 56 38 55 36 30 53 48 34 40 19 39 34 19 22 13 51 17 2 35 48 45 39 40 47 17 44 38 6 44 48 49 37 34 13 37 36 57 30 21 33 49 49 12 44 51 27 34 51 49 14 49 10 14 14 9 34 52 43 41 28 43 59 45 24 0 11 31 20 41 46 38 19 16 46 39 
69 46 19 55 57 32 53 28 31 54 53 42 31 10 47 39 15 31 14 42 18 10 31 47 45 44 45 45 21 52 30 9 46 40 52 43 33 15 29 30 57 37 24 24 47 43 6 50 54 26 29 45 48 9 51 16 23 19 6 37 44 50 40 37 51 56 53 19 11 0 28 12 36 44 43 19 24 49 45 
42 36 46 51 34 13 26 17 12 30 37 37 24 24 42 28 14 38 20 33 16 31 4 21 19 32 33 18 21 46 17 26 24 25 34 33 9 20 19 9 31 33 18 23 19 21 24 40 35 8 7 24 22 20 28 26 32 23 33 21 32 41 13 37 47 29 47 10 31 28 0 19 12 16 27 14 31 29 35 
60 35 30 58 51 20 44 17 26 48 50 43 21 5 49 38 10 37 15 31 16 20 23 39 37 43 44 36 22 53 19 16 41 29 49 42 26 15 18 20 49 39 23 14 37 32 10 50 50 20 19 34 40 8 45 21 28 22 18 34 33 50 31 40 53 47 54 10 20 12 19 0 25 35 40 15 29 45 45 
40 27 54 62 37 6 23 13 23 34 45 48 19 29 53 38 24 50 30 24 27 40 11 21 23 42 43 17 32 56 12 36 31 15 41 43 17 30 14 6 32 44 30 21 17 10 32 50 42 19 8 13 23 28 33 37 43 34 41 30 22 51 17 48 58 25 57 18 41 36 12 25 0 16 37 25 42 36 45 
27 40 61 54 23 20 10 27 19 20 33 42 33 39 46 31 30 48 34 39 30 46 13 7 9 33 34 3 33 48 26 41 19 28 29 35 13 34 29 18 17 38 29 35 4 18 39 41 29 20 18 22 9 36 19 39 43 35 48 23 36 43 7 44 51 14 49 26 46 44 16 35 16 0 28 28 42 24 37 
39 62 56 27 21 39 31 43 16 20 11 16 51 43 20 7 31 29 29 59 26 39 27 24 20 6 8 27 23 21 44 35 11 50 11 9 21 29 45 35 26 15 19 49 30 43 38 14 14 23 33 47 24 36 16 30 29 25 45 8 58 16 23 21 24 37 22 32 38 43 27 40 37 28 0 26 27 10 11 
52 45 35 44 40 23 37 24 13 36 36 30 30 18 35 23 7 27 7 41 3 19 17 30 27 28 30 29 9 39 25 14 28 35 35 28 16 7 26 20 39 25 9 26 31 33 14 36 37 9 18 36 31 11 33 13 19 11 22 20 41 36 23 27 40 41 40 10 19 19 14 15 25 28 26 0 19 32 31 
62 62 31 32 46 41 50 41 25 44 35 20 47 30 25 21 22 9 15 58 17 16 33 43 39 26 26 43 11 29 43 16 35 53 37 24 30 15 43 38 49 16 14 42 46 51 22 30 40 25 35 54 43 22 40 9 3 9 23 25 59 29 37 14 28 55 30 27 16 24 31 29 42 42 27 19 0 36 25 
30 62 64 33 12 39 25 45 20 11 11 25 52 49 27 17 37 38 36 59 33 47 27 19 15 14 15 23 30 28 45 43 6 50 6 17 22 36 47 36 18 24 26 51 25 41 45 20 7 26 34 45 18 42 7 38 38 33 52 13 57 22 21 30 31 30 28 36 46 49 29 45 36 24 10 32 36 0 18 
47 70 55 17 29 47 41 51 24 28 13 8 58 48 10 8 36 24 32 67 30 39 35 34 30 6 4 36 25 12 52 37 21 59 16 4 29 32 53 43 35 10 23 55 40 52 41 6 19 30 41 56 33 40 25 31 27 27 46 16 66 7 32 15 14 46 12 38 39 45 35 45 45 37 11 31 25 18 0 
