4 750 79 
750 750 750 750 
54 935 43 984
23 1016 61 1078
63 649 36 723
50 620 9 677
30 777 58 830
19 787 65 846
28 770 25 818
69 571 12 627
41 439 10 491
50 698 65 733
36 918 54 985
62 723 41 788
71 589 48 654
18 996 8 1071
14 718 51 765
77 664 29 704
60 786 31 824
60 866 15 932
61 939 30 985
76 1062 59 1106
45 571 56 638
76 579 32 603
12 839 29 869
25 841 50 881
39 684 62 712
37 736 66 783
54 673 4 702
56 862 48 912
28 456 61 547
48 655 60 703
55 532 23 583
75 943 35 983
50 436 65 472
66 542 26 563
27 866 9 926
46 704 57 776
5 726 69 805
64 815 54 860
17 805 46 865
30 779 33 826
20 430 10 503
15 461 69 515
63 472 27 547
27 628 52 673
44 942 29 989
10 964 31 1030
27 745 13 794
60 1060 68 1104
77 1077 14 1165
28 939 6 1000
6 1039 25 1134
8 796 62 847
27 578 62 610
60 516 66 590
10 536 34 584
30 829 65 883
4 713 20 768
76 429 44 482
70 983 33 1047
21 1004 59 1053
46 780 26 832
23 719 78 802
5 625 26 683
50 755 47 809
46 428 59 521
17 926 71 974
14 899 59 990
56 932 24 994
62 589 6 669
60 977 77 988
54 789 19 829
73 911 38 933
30 1072 9 1116
62 745 52 760
63 714 28 798
38 876 9 969
44 786 55 844
51 837 10 866
50 925 42 987
12 431 27 479
47 578 17 609
59 922 40 999
68 477 60 526
19 1026 13 1101
19 1025 28 1086
7 715 53 798
71 670 25 695
32 497 48 576
18 979 78 1021
19 504 53 588
67 957 70 1033
52 866 23 910
64 987 77 1059
77 958 34 1009
72 764 48 794
31 525 26 575
32 803 10 832
75 687 13 748
11 496 35 541
52 460 60 503
13 702 33 798
24 677 15 730
22 1073 16 1120
25 935 20 1011
67 440 59 526
28 747 62 805
57 777 16 832
28 655 14 725
60 984 61 1021
9 1053 44 1084
14 814 4 848
8 642 61 721
76 806 58 884
48 1062 36 1123
64 606 39 650
9 775 18 876
39 1053 40 1076
65 628 72 694
7 785 12 859
11 885 58 946
33 1057 8 1103
68 813 29 841
72 813 70 863
50 427 33 475
17 1057 12 1105
5 682 24 734
50 767 10 807
6 464 9 529
14 588 19 619
31 838 16 865
32 491 11 541
52 651 62 684
64 914 39 969
71 871 49 913
62 618 4 646
21 867 67 940
58 1051 72 1069
9 770 51 821
69 644 12 684
24 778 41 831
38 433 58 530
68 545 17 596
73 779 38 831
50 592 58 645
7 941 51 999
72 1036 10 1075
7 701 11 784
4 752 66 806
70 433 67 510
17 470 35 486
67 1020 35 1090
40 532 52 567
51 793 56 813
27 1031 11 1074
59 848 46 939
67 700 12 741
76 913 22 962
42 535 37 571
49 526 58 573
5 494 48 576
61 644 77 691
46 615 19 678
21 730 15 804
69 782 12 835
13 1077 42 1158
13 678 5 762
33 464 17 523
36 1054 70 1130
6 476 40 537
14 423 35 476
31 440 13 479
47 857 36 924
14 633 4 667
8 860 70 929
65 473 44 531
14 938 72 973
45 994 26 1015
44 431 29 471
72 700 12 737
78 1045 20 1104
40 475 51 517
44 902 65 945
25 808 27 846
78 1035 70 1092
9 576 22 653
16 647 33 700
70 1029 41 1098
49 453 56 530
51 992 26 1058
70 883 42 929
17 442 39 476
52 812 19 860
6 582 63 669
55 1069 59 1108
38 453 35 493
44 969 24 1046
39 883 69 952
16 678 18 714
14 1070 68 1119
67 1072 10 1118
38 1040 46 1131
30 494 71 546
56 741 13 791
10 939 73 991
43 931 66 993
53 588 46 670
67 803 10 837
11 972 23 1012
57 877 50 928
6 884 24 935
23 832 11 865
78 525 56 593
47 888 9 929
24 815 65 861
35 1029 18 1091
63 1034 38 1109
36 481 75 534
32 524 40 569
77 950 33 1010
67 1045 31 1107
36 973 40 1024
4 948 78 975
72 451 26 500
56 990 19 1056
76 477 55 540
43 456 21 524
66 942 37 973
4 583 42 637
76 919 58 991
73 901 37 964
55 1027 68 1093
51 957 68 989
68 456 44 498
27 764 55 842
42 1036 55 1103
38 602 13 629
71 490 6 565
36 494 16 541
65 660 14 713
77 592 68 636
48 550 4 586
48 460 66 499
34 955 11 1033
24 648 7 714
46 1037 33 1058
53 1035 24 1089
77 485 15 530
72 1054 34 1131
40 1025 17 1064
38 517 51 580
73 733 9 806
18 1003 54 1060
6 544 56 611
67 930 17 972
39 907 4 969
6 521 59 549
58 797 20 862
70 461 74 480
68 835 61 900
4 927 68 958
33 523 75 575
42 864 11 908
63 1002 68 1082
56 982 75 1045
75 1020 47 1075
15 724 12 758
58 937 57 1015
47 855 6 904
52 832 23 874
50 872 60 918
39 1074 16 1141
54 584 57 648
14 939 52 982
50 835 6 908
78 634 43 692
46 958 54 993
56 680 17 722
30 432 23 458
64 704 50 725
25 814 56 863
77 1011 11 1083
42 519 54 547
9 473 68 537
46 624 75 714
70 976 20 1028
13 424 49 478
39 476 13 541
78 792 33 843
51 917 72 1006
27 773 18 841
29 430 32 476
21 875 60 902
51 1040 7 1123
13 1051 8 1133
22 918 30 986
15 956 67 1007
49 475 36 551
13 672 29 739
29 1021 64 1045
46 834 77 926
62 837 62 1118
47 889 47 1101
33 1017 33 1247
4 872 4 1151
40 591 40 853
24 742 24 935
10 1147 10 1353
5 700 5 953
38 849 38 1073
35 666 35 885
63 888 63 1073
46 859 46 1107
39 1024 39 1323
50 477 50 666
13 699 13 943
45 398 45 631
38 685 38 915
10 1165 10 1448
41 442 41 715
11 844 11 1076
34 778 34 1017
7 379 7 662
44 1108 44 1299
39 1021 39 1202
5 341 5 526
16 812 16 1021
10 564 10 838
70 483 70 687
51 905 51 1189
9 330 9 565
17 907 17 1098
13 1086 13 1324
8 1096 8 1289
13 402 13 614
71 579 71 779
77 645 77 895
37 1098 37 1291
45 335 45 523
20 405 20 612
30 800 30 1042
42 764 42 1022
23 714 23 991
68 949 68 1143
41 905 41 1178
76 664 76 853
20 511 20 791
60 994 60 1237
76 813 76 1071
37 490 37 697
52 1100 52 1323
23 436 23 637
51 408 51 635
51 1169 51 1467
21 424 21 636
45 846 45 1037
26 1104 26 1392
64 1055 64 1318
46 1198 46 1494
77 1118 77 1374
37 999 37 1267
41 315 41 557
25 963 25 1153
47 420 47 649
24 379 24 620
37 752 37 954
63 922 63 1152
8 900 8 1169
24 995 24 1236
57 708 57 959
78 664 78 902
39 1171 39 1441
30 368 30 653
50 896 50 1146
28 1001 28 1196
61 999 61 1284
26 626 26 843
56 1159 56 1397
51 667 51 922
60 1012 60 1195
58 1083 58 1317
66 1097 66 1342
44 473 44 699
72 851 72 1132
46 951 46 1135
57 1133 57 1367
58 391 58 674
40 1111 40 1403
5 1141 5 1410
28 947 28 1220
64 1093 64 1278
40 1179 40 1457
66 688 66 984
19 701 19 969
14 729 14 979
5 511 5 709
60 520 60 778
43 786 43 1063
33 487 33 780
46 675 46 874
20 326 20 581
20 1061 20 1326
59 516 59 776
67 1190 67 1461
68 313 68 521
21 359 21 652
54 683 54 957
59 1036 59 1272
56 524 56 800
43 703 43 903
66 429 66 648
70 602 70 805
23 823 23 1102
74 380 74 633
61 636 61 869
69 515 69 721
21 584 21 770
40 421 40 656
21 831 21 1018
33 315 33 507
49 344 49 578
54 562 54 846
47 840 47 1120
30 1049 30 1328
32 1076 32 1360
55 875 55 1105
77 1047 77 1297
50 715 50 961
50 831 50 1013
63 465 63 762
62 927 62 1142
24 438 24 731
45 681 45 865
67 448 67 733
60 1176 60 1425
70 777 70 959
73 721 73 1002
40 920 40 1111
61 544 61 838
40 1106 40 1344
41 324 41 553
47 1057 47 1289
14 1194 14 1436
12 975 12 1180
21 836 21 1080
18 374 18 641
4 320 4 560
29 856 29 1083
68 384 68 582
75 651 75 941
49 1121 49 1337
30 621 30 854
61 993 61 1275
11 363 11 590
30 705 30 948
42 1151 42 1407
11 1197 11 1458
26 836 26 1016
20 794 20 1005
22 344 22 585
40 1172 40 1355
48 1053 48 1253
61 699 61 881
64 956 64 1236
26 541 26 782
44 966 44 1251
47 1167 47 1368
67 829 67 1100
8 670 8 928
43 664 43 940
76 747 76 997
46 731 46 999
10 929 10 1162
57 405 57 616
39 517 39 788
23 700 23 940
49 999 49 1275
43 303 43 546
10 807 10 1074
25 758 25 1010
59 843 59 1058
8 321 8 506
16 992 16 1246
9 586 9 835
18 781 18 997
9 326 9 578
60 1183 60 1443
15 658 15 925
36 783 36 1062
35 469 35 679
23 1057 23 1280
25 1136 25 1370
35 1017 35 1275
19 515 19 778
66 775 66 1022
37 541 37 724
74 345 74 543
78 391 78 690
65 1109 65 1302
55 745 55 943
37 755 37 940
43 333 43 556
46 558 46 842
67 473 67 757
11 593 11 789
73 1094 73 1386
56 575 56 861
59 320 59 535
70 873 70 1070
43 412 43 636
57 492 57 737
77 845 77 1139
12 452 12 638
67 880 67 1078
41 905 41 1163
35 465 35 750
58 750 58 960
67 515 67 715
61 465 61 754
56 872 56 1167
67 576 67 789
18 410 18 695
53 1080 53 1260
74 952 74 1247
17 351 17 562
29 561 29 786
28 936 28 1134
55 1157 55 1368
14 366 14 664
19 323 19 552
48 695 48 979
10 674 10 936
35 584 35 816
9 1194 9 1470
9 519 9 749
64 482 64 668
44 1044 44 1284
63 906 63 1153
30 1091 30 1294
11 728 11 920
27 951 27 1209
60 448 60 703
41 566 41 753
61 793 61 1037
19 668 19 910
57 511 57 803
48 783 48 1046
49 935 49 1208
77 838 77 1032
70 1111 70 1349
60 1196 60 1440
12 1182 12 1379
51 894 51 1089
51 943 51 1198
52 428 52 609
14 1090 14 1356
23 343 23 566
60 578 60 789
61 1091 61 1313
66 508 66 782
62 716 62 941
33 370 33 576
12 636 12 818
48 1128 48 1373
36 1122 36 1383
55 1051 55 1348
12 616 12 892
74 505 74 762
15 327 15 563
42 395 42 675
74 1181 74 1480
64 1008 64 1221
14 312 14 591
56 699 56 918
69 567 69 864
12 306 12 581
16 994 16 1254
8 872 8 1087
19 602 19 795
19 355 19 580
69 572 69 866
57 461 57 701
51 501 51 726
36 1088 36 1292
26 1197 26 1412
39 783 39 1013
19 332 19 587
14 1142 14 1398
39 1024 39 1296
70 1135 70 1376
59 575 59 756
19 974 19 1197
39 694 39 903
38 775 38 1033
71 437 71 728
5 566 5 755
42 607 42 890
77 873 77 1153
9 631 9 899
44 993 44 1206
74 442 74 668
26 1034 26 1294
54 498 54 763
59 987 59 1174
46 747 46 978
74 866 74 1155
59 1173 59 1440
11 424 11 622
11 552 11 748
70 493 70 704
57 399 57 684
36 1006 36 1231
56 456 56 713
9 409 9 628
59 1002 59 1248
38 578 38 759
43 451 43 725
34 728 34 957
69 408 69 612
50 847 50 1116
26 1142 26 1385
63 1102 63 1372
30 1023 30 1204
53 563 53 850
7 377 7 588
63 1143 63 1365
41 721 41 1017
37 1100 37 1311
56 625 56 910
78 966 78 1227
4 833 4 1082
69 440 69 707
41 761 41 983
75 683 75 944
26 549 26 831
39 665 39 951
66 470 66 702
78 308 78 513
23 1065 23 1277
54 603 54 821
39 720 39 941
20 495 20 772
49 813 49 1083
42 523 42 727
29 1158 29 1452
16 387 16 646
74 944 74 1205
15 696 15 878
24 1069 24 1296
45 992 45 1184
39 753 39 963
75 514 75 783
72 781 72 1066
73 585 73 832
42 887 42 1146
36 971 36 1168
61 853 61 1114
53 666 53 918
45 900 45 1132
61 883 61 1078
51 399 51 608
69 1113 69 1303
9 1138 9 1392
42 429 42 723
41 1115 41 1344
4 1025 4 1306
5 1131 5 1411
14 439 14 657
12 953 12 1238
8 1165 8 1447
26 963 26 1149
53 1059 53 1244
50 454 50 681
55 946 55 1185
67 665 67 937
56 995 56 1179
33 458 33 725
67 1068 67 1311
23 839 23 1106
20 502 20 736
20 486 20 689
34 768 34 979
20 1154 20 1375
26 1019 26 1239
44 649 44 841
46 811 46 1075
48 830 48 1088
34 410 34 624
68 778 68 973
67 696 67 898
13 1191 13 1422
26 1087 26 1352
4 1029 4 1279
67 663 67 916
8 510 8 782
74 1035 74 1270
12 909 12 1144
63 705 63 955
30 967 30 1152
36 1005 36 1192
47 702 47 1000
6 1101 6 1282
38 839 38 1062
21 556 21 774
49 1195 49 1478
11 1102 11 1397
62 466 62 689
36 817 36 1096
37 1033 37 1276
59 1003 59 1291
59 983 59 1211
71 577 71 783
35 1128 35 1417
70 367 70 609
13 856 13 1151
54 936 54 1150
35 743 35 1008
51 1089 51 1326
32 338 32 594
75 689 75 934
36 1047 36 1295
47 512 47 770
15 765 15 983
33 935 33 1136
57 967 57 1251
78 434 78 648
47 657 47 884
56 1140 56 1360
7 303 7 562
14 1155 14 1441
71 817 71 1097
47 822 47 1043
40 751 40 986
30 829 30 1031
16 385 16 593
10 894 10 1140
77 431 77 712
49 990 49 1222
55 904 55 1128
72 454 72 717
30 542 30 808
7 816 7 1101
8 564 8 768
23 1063 23 1284
52 436 52 666
59 443 59 717
37 1114 37 1360
68 1044 68 1307
78 609 78 814
29 669 29 886
53 1137 53 1400
0 61 86 61 36 14 59 72 29 11 27 17 30 70 38 26 61 39 75 53 74 62 52 38 49 40 49 49 9 41 28 50 31 15 54 41 44 39 63 29 19 15 47 26 28 58 10 24 61 65 42 25 45 57 38 57 27 37 50 61 62 61 43 80 31 40 58 25 40 56 71 37 60 52 74 60 26 61 53 
61 0 61 86 36 48 82 57 34 55 38 50 34 64 24 46 57 50 51 20 59 55 28 69 66 30 25 24 56 43 56 63 56 54 54 52 68 29 72 57 52 48 16 38 37 13 54 49 26 44 43 56 41 83 27 73 51 67 13 78 61 54 41 58 43 64 23 37 34 15 37 30 16 68 49 32 57 64 25 
86 61 0 61 53 76 57 16 65 76 62 69 63 24 62 60 29 48 12 46 15 27 41 62 49 52 45 46 78 46 62 45 59 72 35 47 56 54 41 61 68 73 58 66 62 50 78 63 36 23 45 64 42 60 57 49 60 61 56 51 31 28 44 7 56 56 41 68 49 49 25 56 47 48 14 32 64 35 42 
61 86 61 0 53 61 5 47 62 54 56 51 61 38 69 47 37 38 56 67 48 40 60 24 21 58 62 63 56 44 38 24 36 50 35 35 20 60 22 37 48 58 72 60 57 75 57 46 66 52 44 41 46 5 63 15 42 25 74 11 32 40 46 56 48 25 66 62 53 73 65 59 74 19 57 60 39 28 63 
36 36 53 53 0 25 49 41 14 26 11 20 12 42 17 13 33 16 41 20 43 32 17 34 34 7 15 16 29 11 22 32 21 24 27 19 34 8 43 22 21 22 21 14 10 28 27 16 27 31 12 22 13 50 11 42 16 32 23 47 36 31 11 48 8 30 24 16 5 26 36 7 28 36 40 25 23 37 19 
14 48 76 61 25 0 59 64 16 10 15 11 17 63 25 19 54 32 65 40 66 54 40 38 46 27 37 37 10 32 25 46 27 13 47 35 43 27 59 26 15 5 34 13 16 45 7 18 49 55 33 22 35 58 26 54 22 37 37 59 55 53 34 71 22 38 45 12 29 44 60 24 47 49 64 49 24 55 41 
59 82 57 5 49 59 0 43 58 51 53 48 57 34 65 44 33 34 52 63 44 36 56 22 17 55 58 59 53 40 35 20 33 47 31 31 17 56 18 34 45 55 69 57 53 71 55 43 62 48 40 38 42 4 59 11 39 23 70 7 28 36 42 52 44 22 62 59 49 69 61 56 70 15 53 56 36 24 59 
72 57 16 47 41 64 43 0 53 62 50 56 52 10 53 47 13 34 11 40 3 12 33 47 34 42 37 38 64 33 47 30 44 58 20 33 41 44 26 46 54 60 50 54 50 45 64 49 32 14 31 50 30 46 47 34 46 46 50 37 16 13 31 11 43 41 35 56 38 44 24 45 43 33 12 26 49 20 35 
29 34 65 62 14 16 58 53 0 21 7 17 3 55 11 16 45 27 53 26 55 45 26 41 44 14 23 22 23 23 26 42 27 21 39 30 43 12 54 27 20 15 20 4 6 31 21 18 35 43 25 25 25 58 11 52 21 39 23 57 48 44 24 60 15 38 31 4 17 29 46 10 32 46 52 35 27 49 27 
11 55 76 54 26 10 51 62 21 0 18 7 22 60 31 16 51 29 65 44 64 51 42 31 40 30 40 40 4 31 18 41 21 5 44 31 36 30 54 20 9 8 40 18 19 50 4 14 52 54 32 15 35 50 30 48 17 30 43 52 52 50 33 70 21 31 49 18 30 48 61 28 52 43 63 50 17 51 44 
27 38 62 56 11 15 53 50 7 18 0 13 6 51 16 11 41 22 51 27 52 41 26 35 38 13 23 23 20 19 21 37 22 17 35 24 37 13 49 22 15 13 23 5 2 33 19 12 35 41 20 19 22 53 13 46 15 33 26 51 44 40 20 57 10 32 31 7 14 31 45 11 34 40 50 34 21 44 27 
17 50 69 51 20 11 48 56 17 7 13 0 17 54 27 10 45 23 58 39 58 46 36 28 36 25 34 34 10 24 14 36 17 5 38 25 32 25 49 16 4 8 35 14 14 45 9 8 46 48 26 12 28 48 25 44 12 27 39 48 46 45 27 64 15 28 43 15 24 43 55 23 46 38 57 44 13 46 38 
30 34 63 61 12 17 57 52 3 22 6 17 0 53 11 16 44 25 52 24 54 43 24 40 42 12 21 21 24 22 26 41 27 21 38 28 42 11 53 27 20 16 19 5 5 29 22 17 33 41 23 24 24 57 10 51 20 38 22 56 47 42 22 58 14 37 29 6 15 28 45 9 31 45 50 34 26 48 25 
70 64 24 38 42 63 34 10 55 60 51 54 53 0 56 46 10 32 20 45 11 11 37 41 27 44 41 43 62 33 44 24 41 56 17 30 34 46 18 43 52 60 55 55 50 52 63 47 39 21 31 47 31 37 49 26 44 40 55 28 10 12 32 19 42 36 41 57 40 50 33 47 49 26 22 32 46 13 40 
38 24 62 69 17 25 65 53 11 31 16 27 11 56 0 25 47 32 51 19 55 46 22 49 49 13 18 17 33 27 35 48 35 31 42 35 50 11 59 36 29 25 10 14 15 22 30 27 29 41 28 34 27 65 8 57 29 47 13 63 51 45 26 58 22 45 25 14 18 20 41 10 24 51 49 31 36 52 21 
26 46 60 47 13 19 44 47 16 16 11 10 16 46 25 0 36 15 49 32 49 37 29 25 29 19 27 27 19 16 11 29 12 13 30 17 28 19 42 12 9 15 31 14 11 39 18 4 38 39 17 10 20 43 20 38 6 24 34 43 38 36 18 55 6 23 36 16 16 37 47 17 40 32 48 36 12 38 31 
61 57 29 37 33 54 33 13 45 51 41 45 44 10 47 36 0 23 21 37 15 4 30 35 22 35 33 35 53 23 35 18 32 47 8 21 28 37 18 34 43 50 47 45 41 45 54 38 33 17 22 38 21 35 40 23 35 33 47 27 6 4 23 23 33 29 34 48 30 43 30 38 43 21 21 26 38 10 33 
39 50 48 38 16 32 34 34 27 29 22 23 25 32 32 15 23 0 38 32 36 23 25 21 18 22 26 27 32 8 14 17 12 25 16 4 20 23 29 14 21 29 36 26 22 40 32 16 34 29 8 17 12 35 26 26 13 19 38 32 24 23 10 43 13 16 33 28 16 38 39 23 39 20 37 29 17 24 28 
75 51 12 56 41 65 52 11 53 65 51 58 52 20 51 49 21 38 0 35 11 19 30 54 42 41 34 35 67 35 52 37 49 61 26 37 48 42 36 51 57 62 47 54 50 40 67 52 26 11 34 54 31 55 45 43 49 52 46 46 25 19 33 8 45 48 30 56 38 39 16 44 37 41 3 21 54 29 31 
53 20 46 67 20 40 63 40 26 44 27 39 24 45 19 32 37 32 35 0 41 36 9 52 47 15 7 6 46 25 41 44 40 42 35 34 50 15 52 41 40 39 13 29 26 9 45 35 11 27 25 41 22 64 16 54 36 50 11 59 42 35 22 42 27 47 7 29 18 7 24 17 9 49 33 15 42 45 5 
74 59 15 48 43 66 44 3 55 64 52 58 54 11 55 49 15 36 11 41 0 14 35 48 35 44 39 40 66 35 49 31 46 60 22 34 42 45 27 48 56 62 52 56 51 47 66 51 33 16 33 51 31 47 48 35 48 47 52 38 17 14 33 9 45 43 37 58 40 46 25 47 44 34 13 28 51 21 37 
62 55 27 40 32 54 36 12 45 51 41 46 43 11 46 37 4 23 19 36 14 0 28 36 24 34 32 33 54 23 36 20 33 47 9 22 31 36 20 35 44 51 45 45 41 43 54 39 31 14 22 39 21 38 39 26 35 35 45 30 9 2 22 21 33 30 32 47 30 41 27 37 41 23 19 24 39 13 31 
52 28 41 60 17 40 56 33 26 42 26 36 24 37 22 29 30 25 30 9 35 28 0 46 40 13 5 6 44 18 36 37 34 40 27 27 43 15 45 36 37 38 18 28 24 17 43 32 11 20 18 37 15 57 17 46 31 44 18 51 34 27 16 37 23 40 8 29 14 15 21 17 16 41 28 10 38 37 4 
38 69 62 24 34 38 22 47 41 31 35 28 40 41 49 25 35 21 54 52 48 36 46 0 15 40 46 47 33 28 15 18 14 27 29 20 8 41 29 14 25 35 54 38 36 60 34 24 54 46 28 18 32 20 44 20 21 3 57 24 32 36 31 56 28 7 53 40 36 58 58 40 60 17 54 49 16 30 49 
49 66 49 21 34 46 17 34 44 40 38 36 42 27 49 29 22 18 42 47 35 24 40 15 0 39 42 43 42 25 22 5 20 35 17 16 8 40 15 21 33 42 53 42 38 56 43 30 47 36 24 26 27 18 43 9 25 14 55 14 19 24 26 44 29 10 47 44 33 54 48 40 55 4 42 41 24 16 44 
40 30 52 58 7 27 55 42 14 30 13 25 12 44 13 19 35 22 41 15 44 34 13 40 39 0 10 10 33 15 28 37 27 28 30 24 40 3 47 28 26 25 15 16 12 22 31 21 23 31 16 28 15 55 6 46 22 38 17 52 39 33 15 47 14 36 19 17 6 20 34 4 23 41 39 22 29 41 15 
49 25 45 62 15 37 58 37 23 40 23 34 21 41 18 27 33 26 34 7 39 32 5 46 42 10 0 2 42 19 35 39 34 38 30 28 45 11 47 35 35 35 14 25 22 15 40 30 14 24 19 36 16 59 13 49 30 44 15 54 38 31 17 41 22 41 10 26 12 13 25 13 15 43 32 14 37 40 5 
49 24 46 63 16 37 59 38 22 40 23 34 21 43 17 27 35 27 35 6 40 33 6 47 43 10 2 0 42 20 36 40 35 38 31 29 46 11 49 36 35 35 13 25 22 14 40 30 14 26 20 36 17 60 12 50 31 45 13 55 39 32 18 42 23 42 10 26 13 12 26 13 14 45 33 15 38 42 6 
9 56 78 56 29 10 53 64 23 4 20 10 24 62 33 19 53 32 67 46 66 54 44 33 42 33 42 42 0 33 21 43 24 8 46 34 38 32 56 22 11 9 42 19 22 52 4 16 54 57 34 18 37 52 32 50 20 32 45 54 54 53 35 72 23 33 51 20 32 50 64 30 54 45 66 53 19 54 46 
41 43 46 44 11 32 40 33 23 31 19 24 22 33 27 16 23 8 35 25 35 23 18 28 25 15 19 20 33 0 20 22 18 27 17 10 27 17 33 19 23 29 29 23 19 33 33 18 27 25 2 21 5 41 20 32 16 26 31 37 26 22 4 40 11 23 26 25 10 31 33 17 32 26 34 23 22 27 21 
28 56 62 38 22 25 35 47 26 18 21 14 26 44 35 11 35 14 52 41 49 36 36 15 22 28 35 36 21 20 0 24 4 14 28 16 19 29 36 2 11 21 41 24 22 48 22 10 45 42 20 4 24 34 30 31 7 14 44 35 35 36 22 56 15 14 43 26 24 46 52 27 49 25 51 42 3 34 39 
50 63 45 24 32 46 20 30 42 41 37 36 41 24 48 29 18 17 37 44 31 20 37 18 5 37 39 40 43 22 24 0 21 36 13 14 12 38 14 22 33 43 50 41 37 52 44 30 43 31 21 27 24 21 41 11 26 18 52 16 15 19 23 39 28 13 43 43 31 50 44 38 51 6 38 37 26 12 40 
31 56 59 36 21 27 33 44 27 21 22 17 27 41 35 12 32 12 49 40 46 33 34 14 20 27 34 35 24 18 4 21 0 17 25 13 17 28 34 3 14 24 41 25 22 48 24 11 44 40 18 7 22 32 30 28 7 13 44 33 32 33 20 53 14 12 42 27 23 45 50 27 48 23 48 40 6 31 37 
15 54 72 50 24 13 47 58 21 5 17 5 21 56 31 13 47 25 61 42 60 47 40 27 35 28 38 38 8 27 14 36 17 0 40 27 32 28 49 15 4 10 39 18 18 49 9 10 49 51 28 11 31 46 29 43 13 26 42 48 47 46 29 66 18 27 46 19 27 47 58 26 50 38 60 47 12 47 42 
54 54 35 35 27 47 31 20 39 44 35 38 38 17 42 30 8 16 26 35 22 9 27 29 17 30 30 31 46 17 28 13 25 40 0 14 23 32 18 27 36 44 43 39 35 43 47 31 32 19 16 31 16 33 35 21 28 27 44 26 10 9 17 29 27 23 33 41 25 41 32 33 41 17 26 26 31 11 31 
41 52 47 35 19 35 31 33 30 31 24 25 28 30 35 17 21 4 37 34 34 22 27 20 16 24 28 29 34 10 16 14 13 27 14 0 18 26 26 15 23 31 38 29 24 42 34 19 35 28 10 18 13 32 28 24 15 18 40 29 22 21 12 41 15 14 34 31 19 40 39 25 41 18 37 30 18 22 30 
44 68 56 20 34 43 17 41 43 36 37 32 42 34 50 28 28 20 48 50 42 31 43 8 8 40 45 46 38 27 19 12 17 32 23 18 0 41 22 18 29 39 54 41 37 58 39 27 51 41 26 22 30 17 44 14 23 8 56 17 26 30 29 50 29 6 51 43 35 56 53 41 58 10 48 46 20 23 47 
39 29 54 60 8 27 56 44 12 30 13 25 11 46 11 19 37 23 42 15 45 36 15 41 40 3 11 11 32 17 29 38 28 28 32 26 41 0 49 29 26 25 14 15 12 22 30 22 24 32 18 28 17 56 4 48 23 39 16 53 41 35 16 49 15 37 20 16 8 20 35 3 23 42 41 24 30 43 15 
63 72 41 22 43 59 18 26 54 54 49 49 53 18 59 42 18 29 36 52 27 20 45 29 15 47 47 49 56 33 36 14 34 49 18 26 22 49 0 35 46 55 60 54 49 60 57 42 49 33 32 39 33 21 52 10 38 28 61 11 13 21 34 35 40 25 50 56 42 58 46 49 59 13 37 43 38 9 48 
29 57 61 37 22 26 34 46 27 20 22 16 27 43 36 12 34 14 51 41 48 35 36 14 21 28 35 36 22 19 2 22 3 15 27 15 18 29 35 0 13 23 42 25 22 49 23 11 45 42 20 6 24 33 31 29 7 13 45 34 34 35 22 55 15 13 43 27 24 47 51 28 49 24 50 41 4 33 39 
19 52 68 48 21 15 45 54 20 9 15 4 20 52 29 9 43 21 57 40 56 44 37 25 33 26 35 35 11 23 11 33 14 4 36 23 29 26 46 13 0 11 37 17 16 46 12 6 47 47 25 8 28 44 27 41 10 24 40 45 44 43 26 62 14 24 43 18 24 44 55 24 48 35 56 44 10 43 39 
15 48 73 58 22 5 55 60 15 8 13 8 16 60 25 15 50 29 62 39 62 51 38 35 42 25 35 35 9 29 21 43 24 10 44 31 39 25 55 23 11 0 33 11 14 44 7 14 47 52 30 18 32 54 24 51 18 34 37 55 52 50 30 68 19 34 43 12 26 42 57 23 46 45 61 46 20 52 39 
47 16 58 72 21 34 69 50 20 40 23 35 19 55 10 31 47 36 47 13 52 45 18 54 53 15 14 13 42 29 41 50 41 39 43 38 54 14 60 42 37 33 0 23 22 13 39 34 23 38 30 41 28 69 12 60 36 52 4 65 51 44 28 54 28 50 18 23 20 12 35 15 16 55 45 26 42 53 16 
26 38 66 60 14 13 57 54 4 18 5 14 5 55 14 14 45 26 54 29 56 45 28 38 42 16 25 25 19 23 24 41 25 18 39 29 41 15 54 25 17 11 23 0 6 34 17 15 37 44 24 22 26 56 14 50 19 37 26 55 48 44 24 61 14 36 33 3 18 32 48 12 35 44 53 37 24 49 29 
28 37 62 57 10 16 53 50 6 19 2 14 5 50 15 11 41 22 50 26 51 41 24 36 38 12 22 22 22 19 22 37 22 18 35 24 37 12 49 22 16 14 22 6 0 32 20 13 34 40 20 20 21 53 12 47 16 34 25 52 43 40 20 56 10 33 30 8 13 30 44 9 33 41 49 33 22 44 26 
58 13 50 75 28 45 71 45 31 50 33 45 29 52 22 39 45 40 40 9 47 43 17 60 56 22 15 14 52 33 48 52 48 49 43 42 58 22 60 49 46 44 13 34 32 0 50 42 15 32 33 48 30 72 21 62 43 58 10 67 49 42 31 47 35 55 11 34 26 3 26 24 4 57 38 20 50 53 13 
10 54 78 57 27 7 55 64 21 4 19 9 22 63 30 18 54 32 67 45 66 54 43 34 43 31 40 40 4 33 22 44 24 9 47 34 39 30 57 23 12 7 39 17 20 50 0 16 53 56 34 19 37 54 30 51 20 33 43 56 54 53 35 72 23 35 49 17 31 48 63 28 52 46 65 51 20 54 45 
24 49 63 46 16 18 43 49 18 14 12 8 17 47 27 4 38 16 52 35 51 39 32 24 30 21 30 30 16 18 10 30 11 10 31 19 27 22 42 11 6 14 34 15 13 42 16 0 41 42 19 8 22 43 23 38 5 22 37 43 39 38 20 57 9 22 38 17 19 40 50 20 43 32 51 39 10 39 34 
61 26 36 66 27 49 62 32 35 52 35 46 33 39 29 38 33 34 26 11 33 31 11 54 47 23 14 14 54 27 45 43 44 49 32 35 51 24 49 45 47 47 23 37 34 15 53 41 0 19 27 46 23 64 25 53 41 52 21 57 38 30 25 33 33 48 5 38 23 14 14 26 12 48 24 8 47 41 9 
65 44 23 52 31 55 48 14 43 54 41 48 41 21 41 39 17 29 11 27 16 14 20 46 36 31 24 26 57 25 42 31 40 51 19 28 41 32 33 42 47 52 38 44 40 32 56 42 19 0 24 44 21 51 35 39 40 45 37 43 22 14 23 18 35 40 22 46 28 31 14 34 30 35 10 13 45 26 22 
42 43 45 44 12 33 40 31 25 32 20 26 23 31 28 17 22 8 34 25 33 22 18 28 24 16 19 20 34 2 20 21 18 28 16 10 26 18 32 20 25 30 30 24 20 33 34 19 27 24 0 22 5 41 21 31 17 26 32 36 25 21 3 39 12 23 26 27 11 31 33 18 33 26 33 23 22 26 22 
25 56 64 41 22 22 38 50 25 15 19 12 24 47 34 10 38 17 54 41 51 39 37 18 26 28 36 36 18 21 4 27 7 11 31 18 22 28 39 6 8 18 41 22 20 48 19 8 46 44 22 0 26 37 30 34 7 16 44 38 38 38 24 58 15 17 44 24 24 46 53 27 49 28 53 43 3 37 39 
45 41 42 46 13 35 42 30 25 35 22 28 24 31 27 20 21 12 31 22 31 21 15 32 27 15 16 17 37 5 24 24 22 31 16 13 30 17 33 24 28 32 28 26 21 30 37 22 23 21 5 26 0 43 20 34 20 30 29 39 25 20 3 37 15 26 22 28 10 28 29 18 29 28 30 19 26 27 18 
57 83 60 5 50 58 4 46 58 50 53 48 57 37 65 43 35 35 55 64 47 38 57 20 18 55 59 60 52 41 34 21 32 46 33 32 17 56 21 33 44 54 69 56 53 72 54 43 64 51 41 37 43 0 59 13 39 22 71 11 31 38 43 55 44 22 64 58 50 70 63 56 71 17 56 58 35 27 60 
38 27 57 63 11 26 59 47 11 30 13 25 10 49 8 20 40 26 45 16 48 39 17 44 43 6 13 12 32 20 30 41 30 29 35 28 44 4 52 31 27 24 12 14 12 21 30 23 25 35 21 30 20 59 0 51 25 42 15 56 44 38 20 52 17 40 21 14 11 19 37 4 23 45 43 26 31 46 17 
57 73 49 15 42 54 11 34 52 48 46 44 51 26 57 38 23 26 43 54 35 26 46 20 9 46 49 50 50 32 31 11 28 43 21 24 14 48 10 29 41 51 60 50 47 62 51 38 53 39 31 34 34 13 51 0 34 21 62 6 19 26 33 44 38 18 53 52 41 60 52 48 61 7 44 46 32 15 50 
27 51 60 42 16 22 39 46 21 17 15 12 20 44 29 6 35 13 49 36 48 35 31 21 25 22 30 31 20 16 7 26 7 13 28 15 23 23 38 7 10 18 36 19 16 43 20 5 41 40 17 7 20 39 25 34 0 19 38 38 35 34 18 54 9 18 38 21 19 41 48 22 44 28 48 38 8 35 34 
37 67 61 25 32 37 23 46 39 30 33 27 38 40 47 24 33 19 52 50 47 35 44 3 14 38 44 45 32 26 14 18 13 26 27 18 8 39 28 13 24 34 52 37 34 58 33 22 52 45 26 16 30 22 42 21 19 0 55 24 31 35 29 55 26 6 51 38 34 56 56 38 58 17 52 47 14 29 47 
50 13 56 74 23 37 70 50 23 43 26 39 22 55 13 34 47 38 46 11 52 45 18 57 55 17 15 13 45 31 44 52 44 42 44 40 56 16 61 45 40 37 4 26 25 10 43 37 21 37 32 44 29 71 15 62 38 55 0 67 51 44 29 53 30 52 17 26 22 9 34 18 13 56 43 25 45 54 16 
61 78 51 11 47 59 7 37 57 52 51 48 56 28 63 43 27 32 46 59 38 30 51 24 14 52 54 55 54 37 35 16 33 48 26 29 17 53 11 34 45 55 65 55 52 67 56 43 57 43 36 38 39 11 56 6 38 24 67 0 22 30 38 46 43 22 58 57 46 65 56 53 66 12 47 51 37 18 55 
62 61 31 32 36 55 28 16 48 52 44 46 47 10 51 38 6 24 25 42 17 9 34 32 19 39 38 39 54 26 35 15 32 47 10 22 26 41 13 34 44 52 51 48 43 49 54 39 38 22 25 38 25 31 44 19 35 31 51 22 0 9 26 26 35 27 39 50 34 48 35 41 48 18 26 31 38 5 38 
61 54 28 40 31 53 36 13 44 50 40 45 42 12 45 36 4 23 19 35 14 2 27 36 24 33 31 32 53 22 36 19 33 46 9 21 30 35 21 35 43 50 44 44 40 42 53 38 30 14 21 38 20 38 38 26 34 35 44 30 9 0 21 22 32 30 32 46 29 40 27 36 40 23 19 23 38 13 30 
43 41 44 46 11 34 42 31 24 33 20 27 22 32 26 18 23 10 33 22 33 22 16 31 26 15 17 18 35 4 22 23 20 29 17 12 29 16 34 22 26 30 28 24 20 31 35 20 25 23 3 24 3 43 20 33 18 29 29 38 26 21 0 38 13 25 23 26 9 29 31 17 30 28 32 21 24 27 19 
80 58 7 56 48 71 52 11 60 70 57 64 58 19 58 55 23 43 8 42 9 21 37 56 44 47 41 42 72 40 56 39 53 66 29 41 50 49 35 55 62 68 54 61 56 47 72 57 33 18 39 58 37 55 52 44 54 55 53 46 26 22 38 0 50 51 37 63 44 46 22 51 44 43 10 28 58 30 38 
31 43 56 48 8 22 44 43 15 21 10 15 14 42 22 6 33 13 45 27 45 33 23 28 29 14 22 23 23 11 15 28 14 18 27 15 29 15 40 15 14 19 28 14 10 35 23 9 33 35 12 15 15 44 17 38 9 26 30 43 35 32 13 50 0 24 31 16 11 33 42 14 35 32 44 31 16 36 26 
40 64 56 25 30 38 22 41 38 31 32 28 37 36 45 23 29 16 48 47 43 30 40 7 10 36 41 42 33 23 14 13 12 27 23 14 6 37 25 13 24 34 50 36 33 55 35 22 48 40 23 17 26 22 40 18 18 6 52 22 27 30 25 51 24 0 47 38 31 53 52 36 54 13 48 43 15 25 43 
58 23 41 66 24 45 62 35 31 49 31 43 29 41 25 36 34 33 30 7 37 32 8 53 47 19 10 10 51 26 43 43 42 46 33 34 51 20 50 43 43 43 18 33 30 11 49 38 5 22 26 44 22 64 21 53 38 51 17 58 39 32 23 37 31 47 0 34 21 10 18 22 9 48 28 10 45 43 6 
25 37 68 62 16 12 59 56 4 18 7 15 6 57 14 16 48 28 56 29 58 47 29 40 44 17 26 26 20 25 26 43 27 19 41 31 43 16 56 27 18 12 23 3 8 34 17 17 38 46 27 24 28 58 14 52 21 38 26 57 50 46 26 63 16 38 34 0 19 32 50 14 36 47 55 38 26 51 30 
40 34 49 53 5 29 49 38 17 30 14 24 15 40 18 16 30 16 38 18 40 30 14 36 33 6 12 13 32 10 24 31 23 27 25 19 35 8 42 24 24 26 20 18 13 26 31 19 23 28 11 24 10 50 11 41 19 34 22 46 34 29 9 44 11 31 21 19 0 23 33 9 26 35 36 21 26 35 16 
56 15 49 73 26 44 69 44 29 48 31 43 28 50 20 37 43 38 39 7 46 41 15 58 54 20 13 12 50 31 46 50 45 47 41 40 56 20 58 47 44 42 12 32 30 3 48 40 14 31 31 46 28 70 19 60 41 56 9 65 48 40 29 46 33 53 10 32 23 0 26 22 5 55 37 19 48 51 11 
71 37 25 65 36 60 61 24 46 61 45 55 45 33 41 47 30 39 16 24 25 27 21 58 48 34 25 26 64 33 52 44 50 58 32 39 53 35 46 51 55 57 35 48 44 26 63 50 14 14 33 53 29 63 37 52 48 56 34 56 35 27 31 22 42 52 18 50 33 26 0 37 23 48 14 12 54 39 21 
37 30 56 59 7 24 56 45 10 28 11 23 9 47 10 17 38 23 44 17 47 37 17 40 40 4 13 13 30 17 27 38 27 26 33 25 41 3 49 28 24 23 15 12 9 24 28 20 26 34 18 27 18 56 4 48 22 38 18 53 41 36 17 51 14 36 22 14 9 22 37 0 25 42 43 26 28 43 18 
60 16 47 74 28 47 70 43 32 52 34 46 31 49 24 40 43 39 37 9 44 41 16 60 55 23 15 14 54 32 49 51 48 50 41 41 58 23 59 49 48 46 16 35 33 4 52 43 12 30 33 49 29 71 23 61 44 58 13 66 48 40 30 44 35 54 9 36 26 5 23 25 0 56 35 18 50 51 12 
52 68 48 19 36 49 15 33 46 43 40 38 45 26 51 32 21 20 41 49 34 23 41 17 4 41 43 45 45 26 25 6 23 38 17 18 10 42 13 24 35 45 55 44 41 57 46 32 48 35 26 28 28 17 45 7 28 17 56 12 18 23 28 43 32 13 48 47 35 55 48 42 56 0 42 42 27 14 45 
74 49 14 57 40 64 53 12 52 63 50 57 50 22 49 48 21 37 3 33 13 19 28 54 42 39 32 33 66 34 51 38 48 60 26 37 48 41 37 50 56 61 45 53 49 38 65 51 24 10 33 53 30 56 43 44 48 52 43 47 26 19 32 10 44 48 28 55 36 37 14 43 35 42 0 19 53 30 29 
60 32 32 60 25 49 56 26 35 50 34 44 34 32 31 36 26 29 21 15 28 24 10 49 41 22 14 15 53 23 42 37 40 47 26 30 46 24 43 41 44 46 26 37 33 20 51 39 8 13 23 43 19 58 26 46 38 47 25 51 31 23 21 28 31 43 10 38 21 19 12 26 18 42 19 0 44 35 11 
26 57 64 39 23 24 36 49 27 17 21 13 26 46 36 12 38 17 54 42 51 39 38 16 24 29 37 38 19 22 3 26 6 12 31 18 20 30 38 4 10 20 42 24 22 50 20 10 47 45 22 3 26 35 31 32 8 14 45 37 38 38 24 58 16 15 45 26 26 48 54 28 50 27 53 44 0 36 40 
61 64 35 28 37 55 24 20 49 51 44 46 48 13 52 38 10 24 29 45 21 13 37 30 16 41 40 42 54 27 34 12 31 47 11 22 23 43 9 33 43 52 53 49 44 53 54 39 41 26 26 37 27 27 46 15 35 29 54 18 5 13 27 30 36 25 43 51 35 51 39 43 51 14 30 35 36 0 41 
53 25 42 63 19 41 59 35 27 44 27 38 25 40 21 31 33 28 31 5 37 31 4 49 44 15 5 6 46 21 39 40 37 42 31 30 47 15 48 39 39 39 16 29 26 13 45 34 9 22 22 39 18 60 17 50 34 47 16 55 38 30 19 38 26 43 6 30 16 11 21 18 12 45 29 11 40 41 0 
