4 500 79 
500 500 500 500 
15 681 56 703
49 766 47 792
76 787 5 842
17 432 71 467
56 841 48 910
20 963 29 1015
52 922 73 977
28 534 9 575
9 899 53 920
73 1051 58 1124
28 851 71 924
72 630 62 673
8 1042 12 1104
13 978 45 1039
52 458 38 533
53 458 23 524
35 995 73 1028
48 987 71 1068
52 924 24 981
36 711 58 798
4 699 42 771
77 882 4 917
74 881 48 948
55 1034 22 1125
54 616 67 658
66 512 25 550
76 857 68 946
34 551 56 622
36 815 30 880
69 699 66 729
33 750 41 809
5 475 76 550
25 517 49 586
16 985 24 1061
35 439 78 528
9 585 41 640
45 696 76 754
25 646 70 696
35 683 9 734
4 926 9 958
25 971 60 1030
9 445 63 487
43 686 56 732
52 432 32 470
38 448 68 493
72 477 76 528
21 489 12 578
13 1060 69 1097
59 654 33 749
31 1029 25 1059
57 800 14 841
6 645 7 709
14 483 78 507
52 456 9 471
13 653 44 705
38 668 32 717
75 1078 70 1108
22 821 31 889
77 581 30 618
50 830 34 872
28 530 29 548
57 680 26 696
72 672 78 741
7 1070 8 1147
77 1070 28 1117
76 919 77 964
63 540 50 603
28 1028 32 1072
72 755 23 828
72 966 75 983
37 502 44 588
9 761 14 814
58 498 60 534
74 624 60 695
24 990 32 1054
64 1077 37 1146
76 584 59 613
69 613 25 650
60 739 20 799
40 517 39 554
33 853 62 952
4 739 52 779
42 601 14 678
5 615 74 678
52 598 56 643
46 898 36 956
10 447 19 473
9 1013 30 1031
55 423 5 452
27 1061 36 1087
62 446 72 502
52 951 4 987
63 702 32 750
62 890 23 927
42 848 62 905
58 892 71 964
4 466 62 541
65 998 52 1059
29 1046 59 1097
23 682 45 726
58 1045 45 1088
17 951 12 978
11 483 45 531
47 1072 19 1122
47 432 28 470
62 565 31 637
40 935 33 1001
9 734 40 760
14 667 19 696
57 727 54 782
6 509 17 608
52 421 22 456
26 522 74 581
13 543 57 574
12 814 17 840
32 1028 33 1060
78 491 52 577
40 1030 47 1062
45 669 62 751
18 1053 22 1101
20 1025 72 1091
46 981 51 1024
6 806 31 858
21 1015 50 1104
28 951 15 1007
59 774 76 812
56 940 47 973
56 874 38 889
11 440 26 473
30 510 61 533
39 867 31 918
6 767 45 807
36 550 57 583
78 449 10 494
56 579 26 637
66 913 59 981
45 859 14 924
23 566 6 635
67 443 26 504
54 1006 24 1050
76 479 21 580
19 709 26 749
46 787 70 827
7 720 67 770
51 917 22 959
32 696 50 737
24 812 73 894
22 901 45 948
61 878 39 948
16 470 13 523
62 727 70 797
21 1056 32 1110
64 942 7 1005
73 700 34 751
36 423 51 458
34 550 11 614
52 516 45 542
58 963 51 1012
34 604 53 644
60 475 75 514
36 951 49 989
47 438 76 493
6 614 57 663
68 732 49 787
49 1068 51 1099
34 950 33 1024
68 970 32 1021
78 510 59 569
32 585 26 620
58 464 67 508
44 1055 49 1095
18 602 6 693
24 983 19 1048
75 852 24 879
20 963 64 1032
75 1029 61 1069
35 554 5 603
12 664 8 699
23 671 64 712
68 751 55 858
55 700 43 743
41 582 58 618
68 661 49 717
22 584 67 621
69 770 40 810
6 1059 32 1130
49 897 11 962
23 796 62 828
77 448 8 487
46 1023 63 1052
7 1033 44 1111
9 632 20 671
20 1026 9 1060
75 679 57 743
56 761 24 838
16 438 34 490
16 866 23 944
4 531 77 586
71 567 74 652
64 430 24 471
60 881 60 1102
4 930 4 1156
54 983 54 1208
19 362 19 560
41 944 41 1217
20 1041 20 1322
76 589 76 788
51 616 51 858
6 676 6 863
40 463 40 740
68 1041 68 1314
39 418 39 653
4 965 4 1237
58 303 58 509
15 371 15 656
13 805 13 1006
35 533 35 747
65 773 65 1006
32 555 32 784
36 933 36 1230
22 338 22 521
23 414 23 664
72 1011 72 1254
68 502 68 706
28 1199 28 1406
67 377 67 583
25 452 25 707
9 987 9 1193
27 1003 27 1259
56 448 56 657
6 498 6 786
4 956 4 1184
57 1114 57 1300
17 746 17 1035
58 745 58 1040
58 966 58 1239
60 812 60 1028
53 366 53 620
64 856 64 1074
55 963 55 1249
45 1056 45 1269
18 301 18 540
14 560 14 788
10 1185 10 1478
10 307 10 560
34 1185 34 1418
52 895 52 1138
7 627 7 845
30 747 30 930
78 1073 78 1328
35 691 35 989
11 911 11 1101
51 1031 51 1295
20 578 20 875
47 359 47 571
16 559 16 799
6 668 6 951
26 348 26 550
15 821 15 1080
32 422 32 615
70 869 70 1097
58 1039 58 1281
26 1146 26 1375
6 499 6 798
53 1096 53 1307
48 765 48 954
57 1042 57 1336
30 864 30 1135
64 998 64 1243
23 360 23 654
66 988 66 1272
54 1154 54 1403
62 1137 62 1423
14 1133 14 1377
47 734 47 969
12 325 12 526
63 521 63 812
50 332 50 579
45 354 45 635
36 836 36 1116
64 572 64 847
15 907 15 1114
23 1186 23 1439
63 708 63 992
10 772 10 953
26 998 26 1231
30 757 30 942
4 1105 4 1354
74 728 74 980
42 561 42 752
31 1040 31 1223
25 342 25 611
21 458 21 665
64 301 64 577
47 1046 47 1255
24 669 24 900
21 712 21 909
16 921 16 1105
46 1197 46 1429
6 1187 6 1383
58 584 58 813
53 964 53 1202
35 883 35 1074
22 871 22 1141
64 1059 64 1318
19 432 19 696
65 524 65 749
33 966 33 1169
78 1183 78 1477
71 543 71 778
78 787 78 1008
42 355 42 562
60 786 60 1040
43 451 43 664
63 1135 63 1433
11 1140 11 1379
33 379 33 597
77 1149 77 1397
78 405 78 619
52 892 52 1110
60 510 60 741
18 458 18 715
29 955 29 1244
76 1054 76 1234
26 501 26 730
41 584 41 858
67 916 67 1099
56 915 56 1108
76 533 76 720
33 960 33 1192
5 327 5 555
31 548 31 768
17 976 17 1274
56 1049 56 1339
4 578 4 794
18 983 18 1201
10 677 10 892
46 978 46 1161
72 669 72 855
25 499 25 690
7 646 7 944
6 662 6 896
4 672 4 969
23 756 23 936
39 595 39 886
62 961 62 1206
13 638 13 852
61 645 61 855
48 598 48 865
63 407 63 695
44 1099 44 1345
17 812 17 1107
72 868 72 1068
42 696 42 908
65 325 65 561
55 1136 55 1403
77 794 77 1044
70 1010 70 1203
17 455 17 675
30 458 30 697
74 837 74 1119
12 343 12 575
30 494 30 793
73 379 73 605
55 985 55 1267
38 812 38 1033
68 686 68 985
72 338 72 530
68 760 68 1047
58 435 58 720
37 1109 37 1351
26 937 26 1202
16 632 16 883
61 314 61 506
35 1160 35 1346
51 1135 51 1385
75 655 75 909
56 792 56 979
67 919 67 1139
13 1004 13 1239
45 724 45 928
51 300 51 546
19 367 19 550
37 634 37 839
49 799 49 1001
6 1186 6 1398
56 635 56 904
78 896 78 1150
36 553 36 803
25 854 25 1058
33 1058 33 1334
69 888 69 1084
44 550 44 779
38 778 38 966
30 1077 30 1344
62 635 62 871
73 883 73 1138
18 567 18 755
52 693 52 968
27 564 27 769
65 1188 65 1378
39 587 39 777
47 997 47 1219
25 879 25 1091
71 743 71 931
62 753 62 1049
65 622 65 890
77 636 77 834
34 683 34 864
62 617 62 829
16 616 16 872
72 947 72 1127
68 793 68 1090
56 825 56 1054
57 532 57 799
19 672 19 863
12 366 12 552
46 850 46 1032
42 743 42 958
68 863 68 1113
8 874 8 1139
10 745 10 929
57 1019 57 1318
78 663 78 924
19 1072 19 1265
51 760 51 984
43 1125 43 1324
62 688 62 884
53 370 53 601
57 1188 57 1375
11 1188 11 1426
68 1142 68 1394
73 388 73 629
76 813 76 1044
34 460 34 645
77 518 77 764
19 890 19 1149
20 617 20 904
14 1080 14 1299
63 546 63 805
55 1139 55 1404
65 484 65 695
11 718 11 1013
8 810 8 1109
58 918 58 1132
18 645 18 927
43 1192 43 1390
71 1035 71 1285
75 1075 75 1358
59 882 59 1135
23 453 23 651
62 689 62 873
48 653 48 912
25 773 25 998
35 544 35 741
78 429 78 618
74 560 74 842
47 631 47 919
40 1041 40 1300
14 379 14 610
34 679 34 924
20 318 20 563
25 707 25 985
33 418 33 659
12 1157 12 1385
32 322 32 565
70 839 70 1070
22 749 22 974
16 753 16 1052
56 646 56 831
67 768 67 1050
60 715 60 920
50 839 50 1032
44 1105 44 1317
75 495 75 699
21 797 21 983
44 737 44 952
32 460 32 740
39 793 39 1007
51 940 51 1125
25 1055 25 1337
6 1111 6 1291
40 919 40 1213
21 345 21 640
47 1135 47 1315
17 692 17 926
13 806 13 1091
12 351 12 536
7 490 7 757
11 1121 11 1354
43 974 43 1162
49 372 49 590
56 816 56 1068
48 926 48 1213
17 1058 17 1322
31 657 31 842
6 771 6 1037
71 562 71 848
47 305 47 542
16 401 16 652
0 61 86 61 59 69 61 50 40 52 33 40 61 12 17 17 58 43 53 28 60 58 27 23 63 58 33 31 33 38 58 63 48 60 54 56 30 49 17 40 34 67 59 53 47 60 40 20 56 23 67 33 53 57 40 79 17 34 66 36 51 64 35 24 32 68 28 34 4 33 65 59 58 61 18 59 57 39 6 
61 0 61 86 54 55 85 63 22 50 49 70 28 61 51 46 77 27 15 41 69 84 53 49 35 71 64 59 41 39 52 66 54 76 41 75 67 61 47 73 50 63 18 39 15 60 37 48 69 48 39 46 52 50 26 52 52 54 49 28 46 65 27 39 35 40 61 34 59 65 50 5 43 74 49 45 15 35 58 
86 61 0 61 29 19 61 45 62 35 54 62 35 78 70 72 52 50 51 60 41 60 61 64 29 45 62 60 54 49 30 35 42 49 33 51 68 44 71 64 54 28 45 35 59 33 48 67 45 64 24 54 36 31 55 10 70 55 21 61 36 33 63 67 58 23 64 57 83 64 22 58 29 46 69 28 48 50 81 
61 86 61 0 39 47 2 24 70 39 41 23 65 50 51 57 11 61 72 52 21 4 40 47 60 18 30 34 48 49 40 28 33 13 49 13 32 26 56 22 39 35 72 50 74 32 51 51 20 48 61 43 36 41 63 61 50 36 48 65 43 30 67 60 56 60 35 57 59 30 47 82 48 16 52 48 73 53 57 
59 54 29 39 0 12 38 18 44 8 27 34 29 50 44 46 29 32 40 35 19 37 34 38 23 21 34 32 29 26 3 14 14 27 14 27 40 17 46 37 27 11 37 16 45 8 25 41 20 37 23 28 8 5 36 25 43 27 11 41 11 13 44 44 35 22 36 35 57 35 9 50 11 24 43 10 39 28 54 
69 55 19 47 12 0 46 28 50 18 37 45 28 60 54 55 37 38 42 44 26 46 44 47 21 29 45 43 38 34 13 20 24 34 19 36 50 27 55 47 37 13 38 21 49 16 33 50 29 47 18 37 18 13 42 15 53 38 6 48 19 18 50 52 42 17 47 42 66 46 6 51 14 31 53 13 40 35 64 
61 85 61 2 38 46 0 24 70 38 40 22 65 49 51 57 10 60 71 51 21 3 40 47 59 18 30 33 48 48 39 27 32 13 48 12 31 26 55 21 39 34 71 50 74 31 50 51 19 48 60 43 36 41 62 60 49 35 48 64 42 29 67 60 55 59 35 56 59 29 46 82 48 16 51 47 72 52 57 
50 63 45 24 18 28 24 0 48 16 21 18 42 39 36 41 15 38 48 32 11 22 24 31 37 10 20 20 27 27 18 15 9 15 26 13 25 3 39 20 20 20 48 27 51 14 28 34 8 31 39 23 14 19 40 42 35 17 28 43 20 16 46 41 35 38 23 35 47 20 27 59 26 14 36 25 50 31 45 
40 22 62 70 44 50 70 48 0 39 31 52 28 40 30 25 62 13 14 21 57 68 34 29 34 57 45 40 23 23 42 56 40 62 32 60 48 46 26 54 32 55 22 30 8 50 21 27 55 27 39 28 41 40 9 53 31 36 44 7 35 55 6 18 16 40 41 15 38 46 45 20 36 61 29 38 20 19 37 
52 50 35 39 8 18 38 16 39 0 20 30 28 43 37 39 29 27 36 28 20 37 27 31 23 22 29 26 22 19 6 18 8 28 11 27 34 14 38 33 20 18 35 13 41 12 19 34 20 30 24 21 3 6 31 31 36 21 16 35 5 17 38 37 28 24 30 28 50 30 14 46 11 25 36 11 36 22 47 
33 49 54 41 27 37 40 21 31 20 0 23 36 24 18 21 34 23 35 12 31 38 8 12 35 30 16 11 9 12 26 33 16 35 23 31 20 20 20 25 3 35 38 23 35 28 14 15 28 11 38 3 21 25 24 48 17 7 34 25 20 33 27 21 16 38 14 17 30 18 33 45 27 34 17 28 38 15 28 
40 70 62 23 34 45 22 18 52 30 23 0 54 28 30 36 19 44 56 33 25 20 20 27 51 22 9 13 30 32 34 31 23 23 39 18 11 19 35 4 21 37 58 39 57 30 35 30 21 28 53 25 29 35 46 59 28 17 44 46 33 32 48 40 37 53 14 38 38 8 43 67 40 24 31 40 59 36 36 
61 28 35 65 29 28 65 42 28 28 36 54 0 56 47 45 56 20 17 34 46 63 43 42 9 48 50 46 31 26 28 42 34 54 18 54 55 40 45 57 37 38 11 16 25 36 24 43 47 41 12 34 30 26 23 27 47 40 23 30 24 41 32 39 30 13 49 29 59 52 24 24 19 51 45 20 14 24 57 
12 61 78 50 50 60 49 39 40 43 24 28 56 0 11 16 47 39 50 23 49 47 17 15 57 47 22 21 27 32 49 53 38 49 46 45 19 39 15 29 25 57 56 46 47 50 34 15 45 17 61 25 44 48 38 72 10 24 57 34 43 54 35 23 28 61 17 30 11 22 56 59 50 50 13 51 55 34 9 
17 51 70 51 44 54 51 36 30 37 18 30 47 11 0 7 46 29 40 13 46 49 13 7 48 45 22 19 18 23 42 49 33 48 38 44 22 35 6 32 19 52 46 37 37 45 25 5 43 8 52 17 38 41 28 64 3 20 50 24 36 49 25 14 18 52 17 20 14 23 49 49 42 48 3 43 45 24 11 
17 46 72 57 46 55 57 41 25 39 21 36 45 16 7 0 52 27 37 13 51 55 18 11 48 50 28 25 19 23 45 53 36 53 39 50 28 40 3 38 22 55 43 38 32 48 25 7 48 11 52 20 40 43 25 65 9 24 51 20 38 53 20 8 16 52 23 18 14 29 51 44 43 53 7 45 42 23 13 
58 77 52 11 29 37 10 15 62 29 34 19 56 47 46 52 0 52 62 45 12 9 34 41 50 9 26 28 41 41 30 19 24 5 39 3 29 17 50 20 32 26 62 41 66 22 42 46 10 42 51 36 27 32 54 51 45 29 39 57 33 20 59 54 48 50 31 49 56 26 37 73 38 8 46 38 64 45 53 
43 27 50 61 32 38 60 38 13 27 23 44 20 39 29 27 52 0 13 17 46 58 29 26 24 46 38 33 16 13 30 44 29 52 20 50 42 36 27 47 24 43 18 18 15 38 11 25 44 24 28 21 29 28 5 42 30 28 32 12 23 43 14 21 12 29 36 10 40 40 33 24 24 50 28 26 17 9 38 
53 15 51 72 40 42 71 48 14 36 35 56 17 50 40 37 62 13 0 29 55 69 41 37 24 56 50 45 28 25 38 52 40 62 27 60 54 46 37 59 36 50 9 25 9 46 22 36 54 36 28 33 38 36 14 43 41 40 37 18 31 51 19 30 23 29 48 21 50 52 37 12 30 60 39 31 6 21 48 
28 41 60 52 35 44 51 32 21 28 12 33 34 23 13 13 45 17 29 0 42 49 14 10 36 41 25 21 7 11 33 43 26 46 27 43 28 31 13 35 14 44 34 26 27 38 13 10 39 8 40 10 29 32 16 53 14 17 40 15 26 43 17 10 6 41 22 8 26 27 39 38 31 45 12 33 33 12 23 
60 69 41 21 19 26 21 11 57 20 31 25 46 49 46 51 12 46 55 42 0 20 34 41 40 4 29 30 37 35 20 8 17 9 30 11 34 12 50 27 30 15 54 32 59 11 36 45 5 41 41 33 18 22 49 40 45 28 28 52 25 9 55 51 44 40 33 45 58 29 26 66 29 6 46 28 56 39 55 
58 84 60 4 37 46 3 22 68 37 38 20 63 47 49 55 9 58 69 49 20 0 38 45 58 17 28 31 46 47 38 27 31 13 47 11 29 24 53 19 37 34 70 48 72 30 48 49 18 46 59 41 34 40 60 60 47 33 47 62 41 29 65 58 53 58 33 54 57 27 45 80 46 16 49 46 71 51 55 
27 53 61 40 34 44 40 24 34 27 8 20 43 17 13 18 34 29 41 14 34 38 0 8 42 33 12 8 14 18 32 37 22 36 31 32 15 24 17 22 8 41 45 30 40 34 21 12 31 9 46 10 27 32 29 56 11 8 41 28 27 38 30 21 19 46 8 21 25 13 40 51 34 36 13 35 44 21 22 
23 49 64 47 38 47 47 31 29 31 12 27 42 15 7 11 41 26 37 10 41 45 8 0 43 39 19 15 13 18 36 43 27 43 33 39 20 30 10 28 13 46 42 32 35 39 20 5 38 3 47 11 31 35 25 58 6 14 44 23 30 43 24 14 15 47 14 17 20 20 43 47 36 43 6 37 41 19 17 
63 35 29 60 23 21 59 37 34 23 35 51 9 57 48 48 50 24 24 36 40 58 42 43 0 43 48 44 31 26 22 36 30 48 13 48 53 35 47 54 35 31 18 13 32 30 24 44 41 42 6 34 25 20 28 20 48 38 16 34 19 34 36 42 33 7 48 31 61 49 17 32 13 46 47 13 21 25 58 
58 71 45 18 21 29 18 10 57 22 30 22 48 47 45 50 9 46 56 41 4 17 33 39 43 0 27 28 36 36 22 11 18 7 32 7 31 12 48 23 29 18 56 34 60 14 37 44 3 40 43 32 19 24 49 44 43 26 31 52 26 13 55 51 44 42 31 44 56 27 29 67 31 5 45 30 57 39 53 
33 64 62 30 34 45 30 20 45 29 16 9 50 22 22 28 26 38 50 25 29 28 12 19 48 27 0 6 24 27 33 34 21 28 35 24 7 20 27 11 15 39 53 36 50 32 29 22 25 20 51 18 28 33 39 58 20 11 43 39 30 34 41 32 30 50 6 31 31 3 42 60 38 29 23 38 53 30 28 
31 59 60 34 32 43 33 20 40 26 11 13 46 21 19 25 28 33 45 21 30 31 8 15 44 28 6 0 19 22 31 33 19 30 32 26 10 19 23 15 10 38 49 32 45 31 24 19 26 16 47 14 26 31 34 55 17 7 40 34 27 34 36 28 25 47 5 27 29 7 39 56 35 31 19 35 49 26 27 
33 41 54 48 29 38 48 27 23 22 9 30 31 27 18 19 41 16 28 7 37 46 14 13 31 36 24 19 0 6 27 37 21 41 22 38 27 26 18 33 10 38 32 20 28 32 8 14 34 11 35 6 24 26 16 47 18 14 34 18 20 37 20 16 8 36 21 9 31 25 33 38 26 40 17 27 31 8 28 
38 39 49 49 26 34 48 27 23 19 12 32 26 32 23 23 41 13 25 11 35 47 18 18 26 36 27 22 6 0 23 35 19 41 17 38 31 25 23 35 13 35 28 16 26 29 3 19 34 16 30 9 21 22 15 42 23 17 29 18 16 35 21 20 10 31 25 10 36 28 29 35 21 39 22 22 28 5 33 
58 52 30 40 3 13 39 18 42 6 26 34 28 49 42 45 30 30 38 33 20 38 32 36 22 22 33 31 27 23 0 16 13 28 12 28 39 16 44 36 25 13 36 14 43 10 23 39 21 36 22 26 6 3 34 26 41 26 11 39 9 15 42 42 33 21 35 33 55 34 10 48 10 25 41 9 38 26 52 
63 66 35 28 14 20 27 15 56 18 33 31 42 53 49 53 19 44 52 43 8 27 37 43 36 11 34 33 37 35 16 0 18 15 27 18 39 15 52 32 32 8 50 29 57 7 36 47 11 43 35 34 16 18 48 34 48 30 22 52 22 3 54 52 44 34 37 44 61 34 21 63 25 12 49 23 52 38 58 
48 54 42 33 14 24 32 9 40 8 16 23 34 38 33 36 24 29 40 26 17 31 22 27 30 18 21 19 21 19 13 18 0 23 17 21 27 8 35 25 15 20 40 19 43 13 20 30 16 27 32 17 7 13 32 38 32 15 23 36 12 18 39 35 28 31 23 28 45 23 21 51 18 21 32 19 41 23 42 
60 76 49 13 27 34 13 15 62 28 35 23 54 49 48 53 5 52 62 46 9 13 36 43 48 7 28 30 41 41 28 15 23 0 38 5 32 17 52 23 33 22 61 39 65 20 42 47 8 44 49 37 25 30 54 48 46 30 36 57 32 17 60 55 49 48 33 49 58 28 35 73 37 4 48 36 63 45 56 
54 41 33 49 14 19 48 26 32 11 23 39 18 46 38 39 39 20 27 27 30 47 31 33 13 32 35 32 22 17 12 27 17 38 0 37 41 24 39 41 24 24 25 3 33 21 16 35 30 32 16 23 13 10 24 27 38 26 14 30 7 26 33 35 25 16 36 25 51 37 14 37 5 35 37 7 27 18 49 
56 75 51 13 27 36 12 13 60 27 31 18 54 45 44 50 3 50 60 43 11 11 32 39 48 7 24 26 38 38 28 18 21 5 37 0 28 15 48 19 30 25 60 38 63 20 40 43 8 40 49 34 24 30 52 50 43 27 37 55 31 19 57 51 46 48 29 47 54 24 35 71 36 7 44 36 61 42 52 
30 67 68 32 40 50 31 25 48 34 20 11 55 19 22 28 29 42 54 28 34 29 15 20 53 31 7 10 27 31 39 39 27 32 41 28 0 25 27 11 19 44 58 41 53 37 33 23 30 22 56 23 33 39 42 64 20 16 49 42 36 40 43 33 33 56 7 35 29 5 47 64 43 33 23 44 57 34 26 
49 61 44 26 17 27 26 3 46 14 20 19 40 39 35 40 17 36 46 31 12 24 24 30 35 12 20 19 26 25 16 15 8 17 24 15 25 0 38 21 19 20 46 25 50 13 26 34 10 30 37 22 12 17 39 41 34 17 26 42 18 16 44 40 33 36 23 34 47 21 25 57 24 15 35 24 48 29 44 
17 47 71 56 46 55 55 39 26 38 20 35 45 15 6 3 50 27 37 13 50 53 17 10 47 48 27 23 18 23 44 52 35 52 39 48 27 38 0 36 21 54 44 37 33 47 24 6 46 10 52 19 39 42 25 64 8 23 51 21 37 52 21 9 16 52 22 18 14 28 50 45 43 52 5 44 42 23 12 
40 73 64 22 37 47 21 20 54 33 25 4 57 29 32 38 20 47 59 35 27 19 22 28 54 23 11 15 33 35 36 32 25 23 41 19 11 21 36 0 24 39 61 42 60 32 37 32 23 30 56 28 31 37 48 61 30 19 47 49 36 34 50 42 39 56 15 41 39 10 45 69 43 25 32 43 61 39 37 
34 50 54 39 27 37 39 20 32 20 3 21 37 25 19 22 32 24 36 14 30 37 8 13 35 29 15 10 10 13 25 32 15 33 24 30 19 19 21 24 0 34 39 23 37 27 15 16 27 13 39 5 20 24 26 48 17 5 34 27 20 32 29 23 17 39 13 19 31 16 33 47 27 32 18 28 39 17 28 
67 63 28 35 11 13 34 20 55 18 35 37 38 57 52 55 26 43 50 44 15 34 41 46 31 18 39 38 38 35 13 8 20 22 24 25 44 20 54 39 34 0 47 26 56 8 35 49 18 46 30 36 16 16 47 27 51 34 17 52 21 6 54 54 45 29 42 45 64 39 15 60 21 19 51 20 49 38 62 
59 18 45 72 37 38 71 48 22 35 38 58 11 56 46 43 62 18 9 34 54 70 45 42 18 56 53 49 32 28 36 50 40 61 25 60 58 46 44 61 39 47 0 23 17 44 25 42 54 41 22 36 37 33 20 36 47 43 33 25 30 49 26 36 29 23 51 27 57 55 33 14 27 59 44 28 4 24 55 
53 39 35 50 16 21 50 27 30 13 23 39 16 46 37 38 41 18 25 26 32 48 30 32 13 34 36 32 20 16 14 29 19 39 3 38 41 25 37 42 23 26 23 0 30 23 14 34 32 31 16 22 15 12 22 28 37 26 16 28 8 28 31 34 24 16 36 23 50 37 16 35 7 37 36 9 25 16 48 
47 15 59 74 45 49 74 51 8 41 35 57 25 47 37 32 66 15 9 27 59 72 40 35 32 60 50 45 28 26 43 57 43 65 33 63 53 50 33 60 37 56 17 30 0 52 24 33 58 33 36 33 43 41 12 51 38 41 44 13 36 57 13 25 22 37 47 20 45 52 44 13 36 64 35 38 14 22 44 
60 60 33 32 8 16 31 14 50 12 28 30 36 50 45 48 22 38 46 38 11 30 34 39 30 14 32 31 32 29 10 7 13 20 21 20 37 13 47 32 27 8 44 23 52 0 30 43 13 39 30 30 10 12 42 31 44 27 18 46 16 6 49 47 39 29 35 39 57 33 16 57 19 17 44 18 46 33 55 
40 37 48 51 25 33 50 28 21 19 14 35 24 34 25 25 42 11 22 13 36 48 21 20 24 37 29 24 8 3 23 36 20 42 16 40 33 26 24 37 15 35 25 14 24 30 0 21 35 18 28 12 21 21 13 41 25 19 28 17 16 35 20 21 11 29 27 10 37 31 28 33 20 40 24 21 25 4 35 
20 48 67 51 41 50 51 34 27 34 15 30 43 15 5 7 46 25 36 10 45 49 12 5 44 44 22 19 14 19 39 47 30 47 35 43 23 34 6 32 16 49 42 34 33 43 21 0 42 5 48 14 35 38 24 60 6 18 47 21 33 47 22 11 14 49 18 16 17 24 46 45 39 47 3 40 41 20 15 
56 69 45 20 20 29 19 8 55 20 28 21 47 45 43 48 10 44 54 39 5 18 31 38 41 3 25 26 34 34 21 11 16 8 30 8 30 10 46 23 27 18 54 32 58 13 35 42 0 38 42 30 18 23 47 43 42 24 30 51 25 13 53 49 42 41 29 43 54 25 28 65 30 7 43 29 55 37 51 
23 48 64 48 37 47 48 31 27 30 11 28 41 17 8 11 42 24 36 8 41 46 9 3 42 40 20 16 11 16 36 43 27 44 32 40 22 30 10 30 13 46 41 31 33 39 18 5 38 0 46 11 31 35 23 57 7 15 43 21 29 43 23 13 13 46 16 15 21 21 43 45 36 43 7 37 40 18 18 
67 39 24 61 23 18 60 39 39 24 38 53 12 61 52 52 51 28 28 40 41 59 46 47 6 43 51 47 35 30 22 35 32 49 16 49 56 37 52 56 39 30 22 16 36 30 28 48 42 46 0 37 26 21 32 16 52 41 14 39 21 34 41 47 37 2 51 36 65 52 16 35 14 46 51 14 25 30 62 
33 46 54 43 28 37 43 23 28 21 3 25 34 25 17 20 36 21 33 10 33 41 10 11 34 32 18 14 6 9 26 34 17 37 23 34 23 22 19 28 5 36 36 22 33 30 12 14 30 11 37 0 22 25 22 48 17 9 34 23 20 34 25 19 13 37 16 15 30 20 33 43 26 36 16 27 36 13 28 
53 52 36 36 8 18 36 14 41 3 21 29 30 44 38 40 27 29 38 29 18 34 27 31 25 19 28 26 24 21 6 16 7 25 13 24 33 12 39 31 20 16 37 15 43 10 21 35 18 31 26 22 0 7 33 31 37 21 16 37 8 15 40 39 30 26 30 30 50 29 15 49 13 23 37 13 39 24 48 
57 50 31 41 5 13 41 19 40 6 25 35 26 48 41 43 32 28 36 32 22 40 32 35 20 24 33 31 26 22 3 18 13 30 10 30 39 17 42 37 24 16 33 12 41 12 21 38 23 35 21 25 7 0 32 26 40 26 11 37 7 17 40 41 31 20 35 31 54 35 10 46 8 27 40 7 35 24 51 
40 26 55 63 36 42 62 40 9 31 24 46 23 38 28 25 54 5 14 16 49 60 29 25 28 49 39 34 16 15 34 48 32 54 24 52 42 39 25 48 26 47 20 22 12 42 13 24 47 23 32 22 33 32 0 47 28 30 37 7 27 47 10 18 11 33 36 9 38 40 37 23 28 53 26 30 18 11 36 
79 52 10 61 25 15 60 42 53 31 48 59 27 72 64 65 51 42 43 53 40 60 56 58 20 44 58 55 47 42 26 34 38 48 27 50 64 41 64 61 48 27 36 28 51 31 41 60 43 57 16 48 31 26 47 0 63 50 16 53 30 32 55 60 50 15 59 49 77 59 17 49 23 45 63 22 39 43 74 
17 52 70 50 43 53 49 35 31 36 17 28 47 10 3 9 45 30 41 14 45 47 11 6 48 43 20 17 18 23 41 48 32 46 38 43 20 34 8 30 17 51 47 37 38 44 25 6 42 7 52 17 37 40 28 63 0 18 49 26 35 48 26 15 19 52 15 21 15 21 49 50 42 46 4 43 45 24 12 
34 54 55 36 27 38 35 17 36 21 7 17 40 24 20 24 29 28 40 17 28 33 8 14 38 26 11 7 14 17 26 30 15 30 26 27 16 17 23 19 5 34 43 26 41 27 19 18 24 15 41 9 21 26 30 50 18 0 35 31 22 31 33 26 21 41 11 23 32 13 34 51 29 30 20 30 43 21 29 
66 49 21 48 11 6 48 28 44 16 34 44 23 57 50 51 39 32 37 40 28 47 41 44 16 31 43 40 34 29 11 22 23 36 14 37 49 26 51 47 34 17 33 16 44 18 28 47 30 43 14 34 16 11 37 16 49 35 0 43 15 21 45 48 38 13 45 37 63 44 3 46 9 33 49 8 35 30 60 
36 28 61 65 41 48 64 43 7 35 25 46 30 34 24 20 57 12 18 15 52 62 28 23 34 52 39 34 18 18 39 52 36 57 30 55 42 42 21 49 27 52 25 28 13 46 17 21 51 21 39 23 37 37 7 53 26 31 43 0 32 51 4 13 10 40 35 9 33 40 43 25 34 56 23 36 23 15 32 
51 46 36 43 11 19 42 20 35 5 20 33 24 43 36 38 33 23 31 26 25 41 27 30 19 26 30 27 20 16 9 22 12 32 7 31 36 18 37 36 20 21 30 8 36 16 16 33 25 29 21 20 8 7 27 30 35 22 15 32 0 21 34 35 25 21 31 25 49 32 14 42 8 30 35 9 32 18 46 
64 65 33 30 13 18 29 16 55 17 33 32 41 54 49 53 20 43 51 43 9 29 38 43 34 13 34 34 37 35 15 3 18 17 26 19 40 16 52 34 32 6 49 28 57 6 35 47 13 43 34 34 15 17 47 32 48 31 21 51 21 0 54 52 44 33 38 44 61 35 19 62 23 14 49 22 51 38 59 
35 27 63 67 44 50 67 46 6 38 27 48 32 35 25 20 59 14 19 17 55 65 30 24 36 55 41 36 20 21 42 54 39 60 33 57 43 44 21 50 29 54 26 31 13 49 20 22 53 23 41 25 40 40 10 55 26 33 45 4 34 54 0 13 12 42 37 11 33 42 45 25 37 59 24 39 24 17 32 
24 39 67 60 44 52 60 41 18 37 21 40 39 23 14 8 54 21 30 10 51 58 21 14 42 51 32 28 16 20 42 52 35 55 35 51 33 40 9 42 23 54 36 34 25 47 21 11 49 13 47 19 39 41 18 60 15 26 48 13 35 52 13 0 11 47 28 12 22 33 48 37 39 54 12 41 34 19 20 
32 35 58 56 35 42 55 35 16 28 16 37 30 28 18 16 48 12 23 6 44 53 19 15 33 44 30 25 8 10 33 44 28 49 25 46 33 33 16 39 17 45 29 24 22 39 11 14 42 13 37 13 30 31 11 50 19 21 38 10 25 44 12 11 0 37 27 3 30 31 38 33 30 47 17 31 27 9 28 
68 40 23 60 22 17 59 38 40 24 38 53 13 61 52 52 50 29 29 41 40 58 46 47 7 42 50 47 36 31 21 34 31 48 16 48 56 36 52 56 39 29 23 16 37 29 29 49 41 46 2 37 26 20 33 15 52 41 13 40 21 33 42 47 37 0 51 36 65 52 15 36 14 45 51 14 26 30 63 
28 61 64 35 36 47 35 23 41 30 14 14 49 17 17 23 31 36 48 22 33 33 8 14 48 31 6 5 21 25 35 37 23 33 36 29 7 23 22 15 13 42 51 36 47 35 27 18 29 16 51 16 30 35 36 59 15 11 45 35 31 38 37 28 27 51 0 28 26 7 43 58 38 34 18 39 51 28 24 
34 34 57 57 35 42 56 35 15 28 17 38 29 30 20 18 49 10 21 8 45 54 21 17 31 44 31 27 9 10 33 44 28 49 25 47 35 34 18 41 19 45 27 23 20 39 10 16 43 15 36 15 30 31 9 49 21 23 37 9 25 44 11 12 3 36 28 0 31 33 37 31 29 48 18 30 26 8 29 
4 59 83 59 57 66 59 47 38 50 30 38 59 11 14 14 56 40 50 26 58 57 25 20 61 56 31 29 31 36 55 61 45 58 51 54 29 47 14 39 31 64 57 50 45 57 37 17 54 21 65 30 50 54 38 77 15 32 63 33 49 61 33 22 30 65 26 31 0 31 62 57 55 59 15 56 55 36 4 
33 65 64 30 35 46 29 20 46 30 18 8 52 22 23 29 26 40 52 27 29 27 13 20 49 27 3 7 25 28 34 34 23 28 37 24 5 21 28 10 16 39 55 37 52 33 31 24 25 21 52 20 29 35 40 59 21 13 44 40 32 35 42 33 31 52 7 33 31 0 43 62 39 29 24 40 55 32 29 
65 50 22 47 9 6 46 27 45 14 33 43 24 56 49 51 37 33 37 39 26 45 40 43 17 29 42 39 33 29 10 21 21 35 14 35 47 25 50 45 33 15 33 16 44 16 28 46 28 43 16 33 15 10 37 17 49 34 3 43 14 19 45 48 38 15 43 37 62 43 0 47 9 32 48 8 36 30 60 
59 5 58 82 50 51 82 59 20 46 45 67 24 59 49 44 73 24 12 38 66 80 51 47 32 67 60 56 38 35 48 63 51 73 37 71 64 57 45 69 47 60 14 35 13 57 33 45 65 45 35 43 49 46 23 49 50 51 46 25 42 62 25 37 33 36 58 31 57 62 47 0 40 70 47 41 12 31 56 
58 43 29 48 11 14 48 26 36 11 27 40 19 50 42 43 38 24 30 31 29 46 34 36 13 31 38 35 26 21 10 25 18 37 5 36 43 24 43 43 27 21 27 7 36 19 20 39 30 36 14 26 13 8 28 23 42 29 9 34 8 23 37 39 30 14 38 29 55 39 9 40 0 34 41 3 29 22 53 
61 74 46 16 24 31 16 14 61 25 34 24 51 50 48 53 8 50 60 45 6 16 36 43 46 5 29 31 40 39 25 12 21 4 35 7 33 15 52 25 32 19 59 37 64 17 40 47 7 43 46 36 23 27 53 45 46 30 33 56 30 14 59 54 47 45 34 48 59 29 32 70 34 0 48 33 60 43 56 
18 49 69 52 43 53 51 36 29 36 17 31 45 13 3 7 46 28 39 12 46 49 13 6 47 45 23 19 17 22 41 49 32 48 37 44 23 35 5 32 18 51 44 36 35 44 24 3 43 7 51 16 37 40 26 63 4 20 49 23 35 49 24 12 17 51 18 18 15 24 48 47 41 48 0 42 43 23 13 
59 45 28 48 10 13 47 25 38 11 28 40 20 51 43 45 38 26 31 33 28 46 35 37 13 30 38 35 27 22 9 23 19 36 7 36 44 24 44 43 28 20 28 9 38 18 21 40 29 37 14 27 13 7 30 22 43 30 8 36 9 22 39 41 31 14 39 30 56 40 8 41 3 33 42 0 30 24 54 
57 15 48 73 39 40 72 50 20 36 38 59 14 55 45 42 64 17 6 33 56 71 44 41 21 57 53 49 31 28 38 52 41 63 27 61 57 48 42 61 39 49 4 25 14 46 25 41 55 40 25 36 39 35 18 39 45 43 35 23 32 51 24 34 27 26 51 26 55 55 36 12 29 60 43 30 0 24 53 
39 35 50 53 28 35 52 31 19 22 15 36 24 34 24 23 45 9 21 12 39 51 21 19 25 39 30 26 8 5 26 38 23 45 18 42 34 29 23 39 17 38 24 16 22 33 4 20 37 18 30 13 24 24 11 43 24 21 30 15 18 38 17 19 9 30 28 8 36 32 30 31 22 43 23 24 24 0 34 
6 58 81 57 54 64 57 45 37 47 28 36 57 9 11 13 53 38 48 23 55 55 22 17 58 53 28 27 28 33 52 58 42 56 49 52 26 44 12 37 28 62 55 48 44 55 35 15 51 18 62 28 48 51 36 74 12 29 60 32 46 59 32 20 28 63 24 29 4 29 60 56 53 56 13 54 53 34 0 
