4 1000 79 
1000 1000 1000 1000 
69 845 50 876
50 1036 57 1052
78 957 61 1002
78 433 75 487
37 694 33 750
37 929 26 965
71 640 77 709
12 875 65 934
26 698 41 731
40 634 43 696
74 558 53 623
64 960 36 1000
39 472 60 542
69 833 27 870
64 702 5 774
76 444 39 511
18 803 30 835
38 520 52 569
12 1061 61 1107
62 638 53 684
7 492 30 537
61 823 9 876
55 785 4 813
69 682 59 733
45 951 25 1002
32 497 38 550
27 761 42 813
10 986 7 1049
45 437 69 517
30 841 18 881
48 898 21 1005
73 751 61 813
20 838 28 902
53 433 36 472
4 971 78 987
48 479 56 561
26 799 78 851
62 429 66 469
40 874 71 953
50 609 63 674
57 444 45 511
57 879 77 905
42 428 14 469
67 602 55 658
23 598 21 666
71 687 31 729
34 484 50 512
50 872 63 928
20 984 34 1033
58 959 54 1004
15 978 67 1045
23 801 66 868
75 816 34 885
5 1047 67 1121
20 716 56 803
8 500 69 551
7 981 74 1068
78 576 30 594
21 647 31 703
8 961 21 1023
56 713 20 792
48 851 14 914
76 1037 51 1070
77 843 51 859
60 672 55 726
9 662 59 723
40 743 25 773
47 472 26 548
78 678 32 715
37 724 9 761
10 1079 41 1176
11 477 52 516
36 963 77 1031
41 737 31 798
59 746 12 812
60 512 27 563
56 593 20 654
58 893 17 961
9 919 37 965
35 1033 26 1090
62 1047 31 1092
4 443 57 505
67 793 8 870
47 640 44 695
9 570 13 642
76 924 15 1019
34 946 42 1003
58 478 40 523
60 954 68 1048
4 1049 63 1069
77 1022 49 1076
25 657 10 687
11 867 57 904
15 1029 59 1094
73 630 28 723
44 877 49 922
63 1028 34 1084
27 468 70 500
45 427 24 505
34 441 32 513
64 618 29 663
25 935 6 981
47 537 15 632
55 628 15 692
56 939 36 980
46 966 55 1016
52 432 15 483
27 901 71 961
38 569 7 622
40 700 9 775
50 427 43 487
73 468 68 523
14 957 59 1025
28 500 63 555
27 449 43 489
69 430 33 498
58 552 73 623
29 451 32 498
38 1035 69 1104
76 1009 52 1085
43 978 67 1016
41 447 51 530
23 425 65 462
48 483 11 549
12 462 57 504
43 976 46 1000
49 1049 41 1104
42 1039 67 1089
57 708 70 739
46 1078 26 1137
19 1023 49 1081
46 740 43 771
10 1057 4 1111
39 501 72 580
77 960 32 1009
14 898 19 980
36 466 33 516
12 826 76 879
15 472 47 551
51 443 57 495
68 572 40 611
63 487 45 530
69 965 34 1020
25 904 7 951
28 859 40 928
57 695 13 754
17 890 67 930
38 1042 26 1096
14 1015 44 1072
55 845 68 914
69 485 34 530
74 998 7 1065
26 806 42 877
54 665 13 724
62 1054 43 1087
64 1042 23 1080
42 670 8 721
76 627 4 687
19 635 42 691
71 1010 32 1052
57 965 52 1003
73 979 41 1061
28 1074 29 1109
37 624 4 654
29 603 30 665
40 762 15 822
17 890 35 965
24 453 4 536
15 851 37 921
19 696 53 741
14 884 28 955
73 832 45 875
28 875 15 927
72 1005 33 1024
66 1027 36 1085
37 788 50 868
36 1013 28 1079
40 1048 56 1113
74 915 57 961
39 567 23 619
32 808 38 840
77 932 49 1004
71 526 12 565
47 1024 27 1076
29 901 75 990
58 1052 76 1120
17 440 25 510
74 556 5 613
21 459 51 518
23 674 39 734
11 444 66 495
14 441 32 473
72 555 64 596
36 728 30 759
64 996 69 1067
21 679 28 719
72 907 15 973
28 910 73 985
58 972 16 1049
29 742 48 804
58 584 30 645
68 452 76 495
13 1073 69 1108
67 496 64 516
44 1059 13 1090
36 1075 63 1115
13 1036 72 1114
5 670 27 721
38 590 67 620
57 1000 40 1050
25 1063 10 1122
41 538 39 629
58 1058 33 1129
68 546 4 606
56 814 67 877
71 645 38 690
71 496 18 556
7 650 43 692
12 1002 18 1043
32 717 4 736
35 945 10 1021
23 913 31 941
67 911 50 979
60 1007 56 1067
5 1068 78 1112
17 931 41 987
62 444 61 464
33 472 16 516
72 503 44 576
66 496 20 568
60 549 9 585
29 490 78 557
56 788 38 852
68 477 26 555
54 526 39 584
14 887 22 944
25 904 41 982
58 1019 62 1083
73 461 8 499
41 471 50 559
23 989 13 1054
27 969 76 1020
54 663 53 702
59 484 72 540
75 642 62 690
32 552 36 602
14 617 58 681
9 560 20 620
74 680 66 744
55 653 76 702
54 883 14 909
50 461 70 516
21 805 44 882
28 1064 5 1117
49 754 54 845
12 691 19 755
50 484 60 549
65 722 44 770
10 1064 8 1109
67 532 57 595
18 438 29 485
15 471 50 519
25 677 18 740
37 1005 5 1047
55 1044 63 1105
36 855 41 892
74 1059 17 1120
21 1028 78 1083
31 446 62 471
47 830 17 903
59 586 29 626
12 990 56 1009
29 713 58 759
41 575 24 654
8 547 64 621
53 949 64 989
58 555 34 596
53 703 58 741
77 935 46 1002
73 610 54 668
40 969 7 1041
38 545 27 600
20 423 37 496
37 1059 5 1116
62 663 44 736
69 564 66 637
61 756 37 811
60 1037 47 1112
76 493 32 536
34 466 28 524
64 580 52 634
21 638 35 740
60 478 7 534
65 586 13 659
36 446 54 480
15 1038 36 1108
50 1055 55 1098
65 865 32 883
64 720 55 789
71 544 40 609
69 939 4 1012
35 831 49 865
43 434 7 496
48 576 65 644
71 915 15 957
5 877 76 950
62 662 43 715
41 705 23 767
10 802 34 857
31 851 34 923
76 769 64 798
25 439 57 490
49 869 17 951
17 630 74 675
4 1028 23 1062
5 1077 36 1107
38 650 11 689
72 1013 42 1049
64 1034 66 1093
21 1030 32 1100
9 839 45 889
12 1043 45 1126
78 807 21 857
56 1019 38 1056
5 819 52 897
12 978 53 987
8 541 38 611
56 506 7 560
64 471 54 507
10 972 45 1058
28 752 41 842
46 610 41 661
29 785 22 815
26 436 51 506
72 1034 57 1114
14 932 74 983
24 822 73 877
33 1052 57 1126
60 505 31 558
60 855 25 906
26 626 44 704
71 991 35 1078
58 1039 68 1099
73 1038 51 1088
66 437 74 497
40 699 19 725
27 480 57 524
69 928 34 980
32 467 59 525
11 1062 29 1109
45 1028 13 1061
35 950 42 1001
60 552 62 573
34 448 62 496
41 1034 59 1109
43 906 44 966
10 567 49 630
11 594 32 656
41 505 34 582
48 432 25 485
72 540 63 580
70 627 35 721
38 743 27 783
34 967 59 1010
9 1040 50 1090
32 709 27 773
13 453 54 504
26 924 28 985
29 1075 45 1149
70 875 56 930
49 1032 47 1054
29 580 48 653
55 740 36 800
6 592 28 655
16 764 65 815
73 640 15 727
69 652 75 725
16 1060 10 1111
37 439 55 494
41 479 36 515
6 1073 34 1139
24 540 17 624
51 1077 46 1109
22 577 53 621
61 1066 55 1124
64 654 12 722
48 976 78 1030
76 984 17 1057
48 1071 78 1119
68 691 14 754
21 1052 71 1086
54 525 6 572
77 728 28 779
63 631 47 671
43 759 8 790
63 743 48 798
42 1030 32 1080
27 668 55 702
75 700 66 748
19 949 8 972
63 736 63 1014
50 510 50 709
8 353 8 602
40 1023 40 1266
24 844 24 1079
31 586 31 783
37 643 37 940
23 735 23 996
34 739 34 1016
72 508 72 801
13 1022 13 1208
11 473 11 734
58 767 58 953
14 509 14 737
50 848 50 1057
78 1056 78 1350
14 975 14 1247
40 1100 40 1397
18 803 18 984
55 1031 55 1313
46 358 46 610
32 610 32 802
42 1194 42 1376
57 964 57 1174
19 717 19 945
75 1117 75 1407
37 614 37 833
48 551 48 824
34 1099 34 1342
32 766 32 1041
13 1045 13 1339
74 494 74 745
32 490 32 739
12 1037 12 1289
16 383 16 655
27 552 27 827
76 1078 76 1291
48 1198 48 1382
10 881 10 1117
5 585 5 834
27 438 27 646
62 978 62 1252
73 330 73 580
47 417 47 691
18 382 18 613
42 979 42 1215
43 461 43 686
24 925 24 1174
33 1091 33 1303
16 605 16 816
24 441 24 714
63 923 63 1205
26 858 26 1157
76 1110 76 1404
68 1081 68 1300
41 1157 41 1444
32 733 32 1017
9 941 9 1132
15 1152 15 1407
39 527 39 819
19 898 19 1179
53 1143 53 1344
68 1029 68 1214
12 1198 12 1491
31 533 31 731
68 410 68 634
50 700 50 980
37 560 37 782
15 872 15 1144
41 864 41 1062
68 799 68 1011
14 693 14 959
4 1061 4 1345
37 1161 37 1458
4 672 4 865
27 431 27 628
78 359 78 644
52 1070 52 1273
11 1058 11 1335
24 583 24 875
33 356 33 629
39 842 39 1052
27 944 27 1196
70 357 70 569
26 512 26 801
26 1129 26 1424
52 1010 52 1270
51 663 51 847
45 331 45 598
27 355 27 582
15 974 15 1175
77 890 77 1117
28 301 28 523
47 718 47 969
9 966 9 1228
72 985 72 1206
57 822 57 1040
14 386 14 671
65 744 65 964
66 535 66 793
53 829 53 1070
4 404 4 600
58 655 58 843
28 780 28 1001
57 1105 57 1335
45 618 45 823
41 654 41 883
16 891 16 1127
76 571 76 827
47 449 47 701
45 607 45 856
26 983 26 1251
76 909 76 1112
13 907 13 1109
20 509 20 718
9 385 9 678
29 1032 29 1259
30 368 30 629
49 1059 49 1269
74 558 74 766
34 773 34 1027
55 781 55 1047
13 1089 13 1357
48 1066 48 1342
13 836 13 1098
38 537 38 784
33 1162 33 1449
69 977 69 1257
11 1189 11 1412
13 592 13 777
45 1116 45 1334
57 1013 57 1199
44 341 44 576
45 366 45 555
45 928 45 1128
13 613 13 850
22 1103 22 1367
73 380 73 607
74 1141 74 1333
51 382 51 639
75 577 75 764
48 890 48 1143
60 512 60 720
56 517 56 778
74 461 74 673
9 449 9 694
16 339 16 601
30 797 30 1020
49 324 49 553
20 615 20 820
19 367 19 603
43 610 43 797
37 557 37 749
34 986 34 1251
46 492 46 786
51 946 51 1211
45 360 45 604
58 351 58 630
46 727 46 985
33 696 33 953
54 426 54 717
70 1145 70 1352
73 491 73 711
26 1191 26 1376
72 917 72 1208
64 965 64 1252
11 926 11 1195
51 850 51 1121
25 1080 25 1376
43 700 43 922
18 1019 18 1298
75 750 75 968
9 338 9 525
14 743 14 1007
49 653 49 907
26 716 26 1014
42 537 42 738
40 879 40 1096
66 1082 66 1359
67 1198 67 1445
21 630 21 872
74 538 74 765
31 406 31 657
22 774 22 972
41 795 41 1072
75 595 75 878
14 920 14 1146
21 1106 21 1370
70 968 70 1220
15 719 15 943
50 967 50 1194
74 782 74 963
57 756 57 1045
33 360 33 620
43 690 43 938
34 303 34 484
26 404 26 625
35 383 35 659
15 613 15 795
20 925 20 1204
13 1047 13 1296
55 605 55 863
63 544 63 838
23 1029 23 1262
10 636 10 839
28 442 28 692
77 718 77 902
74 1181 74 1396
4 588 4 835
10 1158 10 1383
68 944 68 1156
5 1081 5 1338
56 1197 56 1396
26 1153 26 1451
9 856 9 1109
57 966 57 1219
11 953 11 1218
53 535 53 819
27 1097 27 1308
75 831 75 1123
59 900 59 1160
41 934 41 1132
18 1184 18 1421
70 1037 70 1332
50 760 50 997
57 1189 57 1432
46 365 46 589
56 499 56 732
65 618 65 911
61 978 61 1219
63 613 63 877
7 1102 7 1397
50 767 50 990
15 1055 15 1290
54 751 54 1024
61 1186 61 1406
26 785 26 1058
70 613 70 860
62 931 62 1164
37 720 37 1002
59 344 59 569
12 653 12 951
13 426 13 631
49 437 49 623
73 445 73 741
50 964 50 1212
53 525 53 706
11 384 11 659
64 657 64 937
62 1147 62 1379
15 1066 15 1288
34 683 34 883
15 561 15 823
25 357 25 538
75 340 75 592
78 847 78 1035
61 626 61 830
52 465 52 697
53 595 53 884
31 774 31 967
24 364 24 578
6 519 6 776
30 470 30 684
4 363 4 553
48 811 48 1089
38 1063 38 1284
60 501 60 776
7 1041 7 1223
14 436 14 714
50 889 50 1139
10 1024 10 1237
46 1164 46 1368
63 631 63 906
33 537 33 776
70 1191 70 1420
61 1174 61 1466
43 1051 43 1300
76 567 76 854
18 657 18 937
67 810 67 1103
45 829 45 1083
10 570 10 798
51 987 51 1251
36 708 36 918
69 734 69 932
60 818 60 1114
21 614 21 907
24 1092 24 1324
22 994 22 1290
20 419 20 618
58 800 58 983
29 916 29 1157
52 524 52 704
70 347 70 613
48 364 48 648
25 765 25 1043
11 1156 11 1343
33 960 33 1173
50 1133 50 1391
25 1070 25 1353
15 422 15 687
69 798 69 991
11 994 11 1267
13 558 13 857
69 526 69 783
68 989 68 1185
17 360 17 616
61 708 61 952
56 1154 56 1447
19 890 19 1182
28 632 28 873
62 1113 62 1351
71 390 71 678
21 380 21 631
64 1121 64 1324
13 736 13 989
29 723 29 941
77 790 77 1019
32 617 32 844
59 853 59 1115
22 1147 22 1434
54 640 54 933
25 573 25 763
49 493 49 762
45 969 45 1206
25 1180 25 1362
36 615 36 886
70 939 70 1238
62 1002 62 1202
39 899 39 1177
56 332 56 581
50 970 50 1168
43 398 43 658
68 308 68 570
71 359 71 544
30 514 30 717
76 489 76 728
70 537 70 798
57 872 57 1082
67 1071 67 1302
63 462 63 734
59 1048 59 1290
46 883 46 1168
70 332 70 615
13 1091 13 1347
41 1174 41 1423
34 948 34 1208
76 945 76 1222
60 976 60 1228
7 573 7 851
25 779 25 1045
67 370 67 556
31 802 31 1062
18 1175 18 1460
13 670 13 944
76 806 76 1055
57 352 57 547
11 615 11 873
69 939 69 1165
37 543 37 777
57 896 57 1187
9 1167 9 1364
36 853 36 1104
72 903 72 1172
66 432 66 652
59 639 59 893
68 1008 68 1191
13 499 13 747
39 716 39 989
39 934 39 1212
29 693 29 908
49 936 49 1207
24 424 24 664
12 1175 12 1462
54 676 54 883
48 1164 48 1371
16 967 16 1187
32 951 32 1194
50 999 50 1230
9 850 9 1119
47 338 47 530
55 1150 55 1349
57 503 57 758
51 971 51 1172
56 359 56 594
42 420 42 615
25 662 25 917
24 653 24 901
21 870 21 1168
44 936 44 1162
58 609 58 843
13 470 13 757
11 908 11 1179
9 1008 9 1220
5 949 5 1179
4 875 4 1078
26 780 26 1048
15 971 15 1215
35 1137 35 1395
13 374 13 634
61 442 61 686
6 735 6 915
25 627 25 870
48 401 48 587
12 1174 12 1461
57 569 57 790
58 848 58 1083
16 765 16 1044
74 845 74 1108
33 980 33 1215
26 1126 26 1414
7 784 7 1035
46 588 46 800
69 999 69 1221
56 769 56 1023
52 555 52 834
7 926 7 1118
32 1144 32 1420
67 666 67 899
14 380 14 668
76 456 76 680
77 443 77 709
38 803 38 1077
52 312 52 525
65 980 65 1180
6 1059 6 1292
17 868 17 1080
10 569 10 829
11 415 11 657
5 1199 5 1405
58 875 58 1094
25 1126 25 1396
30 685 30 879
62 872 62 1139
31 423 31 608
48 920 48 1218
15 826 15 1035
66 824 66 1049
23 659 23 849
27 522 27 800
77 602 77 831
37 1012 37 1243
37 963 37 1229
28 909 28 1119
48 954 48 1156
26 895 26 1148
12 1053 12 1246
58 1087 58 1342
75 315 75 506
31 702 31 976
30 1165 30 1457
34 358 34 626
78 446 78 733
53 979 53 1216
24 510 24 780
76 460 76 693
37 677 37 959
36 1015 36 1271
73 481 73 747
30 1121 30 1301
32 939 32 1210
70 1109 70 1323
45 368 45 592
46 305 46 529
7 559 7 776
52 1146 52 1423
29 848 29 1039
36 572 36 769
18 584 18 844
42 826 42 1041
28 601 28 868
71 344 71 561
66 774 66 1032
12 907 12 1190
74 831 74 1130
30 1075 30 1353
70 1072 70 1358
19 441 19 666
16 682 16 865
69 791 69 1044
12 993 12 1269
72 1091 72 1278
10 923 10 1150
58 599 58 863
55 810 55 1005
20 830 20 1030
27 382 27 577
78 991 78 1261
62 642 62 891
63 1005 63 1224
29 1064 29 1325
49 1111 49 1318
5 951 5 1217
57 1092 57 1301
12 885 12 1153
64 845 64 1035
47 428 47 648
11 349 11 565
38 543 38 822
66 1057 66 1262
74 1018 74 1308
8 976 8 1219
42 923 42 1114
7 907 7 1151
54 392 54 619
70 574 70 816
58 613 58 827
41 852 41 1103
53 651 53 889
29 1111 29 1325
56 1022 56 1279
68 518 68 781
61 301 61 577
46 542 46 777
42 990 42 1202
60 743 60 1040
50 582 50 856
49 527 49 814
23 936 23 1213
52 1008 52 1208
47 525 47 743
34 856 34 1040
26 490 26 745
49 579 49 836
48 440 48 645
69 771 69 1038
13 439 13 619
49 990 49 1251
52 382 52 573
35 651 35 866
25 848 25 1055
75 815 75 1063
68 1110 68 1357
16 926 16 1118
59 963 59 1184
23 370 23 564
44 750 44 992
40 484 40 739
5 1082 5 1280
22 570 22 847
9 850 9 1125
11 519 11 815
30 1188 30 1417
48 913 48 1191
41 1191 41 1473
50 300 50 584
51 1023 51 1280
44 638 44 919
55 1037 55 1219
27 601 27 839
31 1142 31 1324
26 432 26 629
5 312 5 591
7 836 7 1030
30 359 30 596
68 422 68 692
31 404 31 609
13 1079 13 1294
62 520 62 771
6 465 6 713
45 1035 45 1274
53 587 53 825
49 1166 49 1375
4 971 4 1171
36 839 36 1080
35 908 35 1199
53 1094 53 1351
64 854 64 1093
15 782 15 1027
18 454 18 703
9 765 9 958
20 1164 20 1348
8 1154 8 1398
13 379 13 661
17 736 17 950
48 783 48 1047
77 887 77 1177
22 1040 22 1284
33 697 33 912
4 932 4 1169
68 571 68 830
37 534 37 783
76 885 76 1105
48 915 48 1161
16 1108 16 1330
7 342 7 619
34 970 34 1244
19 550 19 800
64 1122 64 1415
72 949 72 1248
73 906 73 1152
19 338 19 558
52 564 52 850
19 1186 19 1411
7 885 7 1127
8 967 8 1210
41 762 41 1012
11 514 11 706
74 385 74 593
23 643 23 931
0 61 86 61 28 46 36 31 65 31 64 49 42 61 25 57 59 30 38 64 64 43 40 43 72 61 12 52 64 55 27 30 27 23 62 58 28 26 34 62 65 16 43 47 56 47 31 49 60 60 66 56 72 41 26 49 42 61 63 59 21 15 24 33 40 20 44 31 73 74 51 41 18 61 67 7 49 65 24 
61 0 61 86 47 20 46 67 50 40 36 34 31 66 57 11 67 39 55 51 69 20 28 43 48 52 55 43 22 40 46 47 57 57 49 82 41 36 46 24 60 62 50 41 64 74 43 74 81 84 48 47 52 34 41 35 22 39 33 68 44 57 46 54 61 63 20 55 64 64 29 24 55 74 52 59 64 47 52 
86 61 0 61 59 53 51 67 22 57 28 40 49 36 65 53 39 58 52 23 37 60 53 44 16 27 75 35 40 33 60 57 63 66 25 59 59 69 53 39 27 76 45 39 40 60 56 57 55 59 21 31 14 48 62 40 57 28 31 42 68 73 63 55 54 73 57 58 21 20 41 56 70 46 20 80 47 22 64 
61 86 61 0 46 68 42 31 47 51 60 53 56 27 39 76 24 52 33 45 26 71 60 43 56 41 53 46 72 50 47 44 38 41 46 5 52 64 43 69 37 46 37 46 25 15 48 15 7 3 50 44 53 53 54 52 67 54 62 22 56 48 50 36 27 42 69 37 41 42 59 65 47 16 47 55 23 49 44 
28 47 59 46 0 28 10 22 38 7 39 23 19 37 12 39 36 8 15 37 40 29 20 16 45 34 17 25 42 28 2 3 12 12 35 42 8 20 7 39 39 20 17 21 33 32 5 32 43 44 39 29 46 16 9 23 25 35 38 36 12 15 6 11 20 19 28 10 47 47 27 24 12 40 40 22 27 38 7 
46 20 53 68 28 0 27 49 37 22 26 18 12 49 39 12 50 21 37 37 52 8 9 25 38 37 38 27 19 25 28 29 39 39 35 63 22 22 27 18 46 45 32 24 47 55 24 55 63 66 36 31 41 16 23 18 6 27 24 51 27 40 28 35 42 45 5 36 50 50 14 6 37 57 40 43 46 35 34 
36 46 51 42 10 27 0 24 29 11 32 17 16 29 17 37 29 13 10 28 32 30 19 8 37 25 26 17 37 20 11 8 16 18 26 38 13 26 4 34 31 27 9 13 25 29 8 29 38 40 31 20 37 13 15 17 26 27 31 29 20 23 14 9 16 25 28 11 38 39 22 24 20 34 32 31 21 29 14 
31 67 67 31 22 49 24 0 47 28 53 40 38 36 12 59 33 29 17 45 37 49 40 30 56 41 24 38 60 42 22 21 11 13 44 27 28 38 23 57 42 16 25 34 30 17 25 19 30 30 49 39 55 35 29 39 46 48 53 31 29 19 24 16 14 12 49 14 50 51 45 44 18 32 48 26 22 48 17 
65 50 22 47 38 37 29 47 0 36 17 22 30 21 44 41 24 38 31 2 23 44 34 23 11 7 54 14 31 14 39 36 42 45 4 44 39 50 32 28 12 55 24 19 23 42 35 40 41 45 4 10 9 29 42 21 40 12 19 26 47 52 42 34 34 52 41 37 14 14 24 39 49 32 3 59 29 4 43 
31 40 57 51 7 22 11 28 36 0 34 19 13 39 18 33 38 3 19 36 42 22 14 15 42 33 21 23 36 25 7 8 18 18 33 47 4 16 9 34 40 25 18 18 35 37 4 37 47 49 37 27 43 11 6 19 19 31 33 39 12 20 8 16 24 25 22 16 46 47 22 17 17 43 39 26 31 36 13 
64 36 28 60 39 26 32 53 17 34 0 17 24 36 47 26 38 35 37 18 38 33 27 25 13 21 54 17 15 13 39 38 46 48 16 57 37 44 34 13 28 57 29 20 36 53 35 51 55 58 14 18 17 25 39 17 31 7 4 40 45 53 42 39 42 56 30 42 29 29 15 30 50 46 18 59 40 14 44 
49 34 40 53 23 18 17 40 22 19 17 0 10 33 32 25 34 20 25 21 36 23 14 11 25 21 38 10 21 9 24 22 31 33 19 49 21 30 19 19 29 42 18 8 31 42 19 41 48 51 21 15 27 9 24 2 20 14 16 35 29 37 26 25 30 41 21 27 34 34 7 18 34 41 24 44 31 20 29 
42 31 49 56 19 12 16 38 30 13 24 10 0 39 29 22 39 13 25 30 42 16 5 14 34 29 32 18 24 17 19 19 29 30 27 52 15 21 16 22 36 37 20 14 36 44 14 44 52 54 30 22 36 4 17 10 13 22 22 40 22 32 20 24 31 37 14 25 42 43 10 11 29 46 33 37 35 28 25 
61 66 36 27 37 49 29 36 21 39 36 33 39 0 38 56 4 41 24 20 4 54 44 27 31 16 51 24 49 28 38 35 36 39 21 24 41 54 32 46 11 48 22 26 6 25 37 22 21 25 25 20 27 36 44 32 51 30 38 6 48 47 42 29 23 45 52 32 17 18 38 49 45 12 21 55 14 24 39 
25 57 65 39 12 39 17 12 44 18 47 32 29 38 0 50 36 19 15 43 40 39 31 24 52 39 15 33 52 36 12 12 3 3 41 36 18 28 15 49 42 12 21 28 32 25 16 26 38 38 46 35 52 26 18 32 36 43 47 35 18 11 13 11 16 10 38 7 50 51 37 34 9 37 46 19 25 44 7 
57 11 53 76 39 12 37 59 41 33 26 25 22 56 50 0 57 32 46 41 59 15 20 34 39 42 49 33 14 30 39 39 49 50 39 72 33 32 38 15 50 56 40 32 54 65 35 64 71 74 38 37 43 25 34 25 16 29 24 59 38 50 39 45 52 56 14 46 54 54 19 17 48 65 43 54 55 38 45 
59 67 39 24 36 50 29 33 24 38 38 34 39 4 36 57 0 40 23 23 5 55 44 27 34 19 49 25 51 29 37 34 33 37 23 21 41 54 31 48 14 46 21 27 4 22 36 19 18 22 27 22 30 37 43 33 51 32 40 3 47 45 41 27 21 42 52 30 20 21 39 49 43 9 24 53 12 27 38 
30 39 58 52 8 21 13 29 38 3 35 20 13 41 19 32 40 0 21 37 44 21 13 16 44 35 20 25 36 26 8 10 19 19 35 48 3 14 11 34 41 25 20 20 37 39 6 39 49 51 38 29 45 12 5 20 18 32 34 40 10 20 8 17 26 26 20 17 48 49 22 16 17 45 40 25 33 37 14 
38 55 52 33 15 37 10 17 31 19 37 25 25 24 15 46 23 21 0 30 27 39 29 14 40 26 28 21 45 26 16 13 13 16 28 29 21 34 11 42 29 26 9 19 19 20 16 20 29 31 33 23 39 22 23 24 36 32 38 22 26 24 19 6 7 23 38 9 36 37 30 34 22 26 33 32 13 32 16 
64 51 23 45 37 37 28 45 2 36 18 21 30 20 43 41 23 37 30 0 22 43 34 22 12 6 53 13 32 14 38 35 41 44 3 42 38 49 31 29 11 53 22 18 22 40 34 38 40 43 6 9 10 28 41 21 40 13 20 25 46 51 41 33 32 51 41 36 14 14 24 38 48 31 4 58 28 5 42 
64 69 37 26 40 52 32 37 23 42 38 36 42 4 40 59 5 44 27 22 0 57 46 30 32 19 54 27 51 30 41 38 38 42 23 23 44 57 35 49 12 50 25 29 8 25 39 23 20 24 27 23 28 39 47 35 54 33 40 7 51 49 45 32 25 47 55 34 17 18 41 52 47 10 22 58 16 26 42 
43 20 60 71 29 8 30 49 44 22 33 23 16 54 39 15 55 21 39 43 57 0 12 29 45 43 36 32 26 31 28 30 39 39 41 67 22 18 29 25 51 44 35 29 52 58 25 58 67 69 42 37 48 19 22 24 5 34 30 56 25 38 28 37 45 45 4 37 56 57 20 7 36 61 46 40 50 41 34 
40 28 53 60 20 9 19 40 34 14 27 14 5 44 31 20 44 13 29 34 46 12 0 18 37 33 31 22 25 21 20 20 30 31 31 56 15 18 19 23 41 37 24 18 40 47 16 47 56 58 34 27 40 8 16 14 8 26 25 45 21 32 20 26 34 37 10 28 47 47 13 6 29 50 37 36 39 32 26 
43 43 44 43 16 25 8 30 23 15 25 11 14 27 24 34 27 16 14 22 30 29 18 0 30 19 32 10 32 14 17 15 22 25 20 39 17 29 11 29 26 34 8 6 23 32 13 31 39 42 24 14 30 11 20 11 26 20 25 27 25 30 20 15 20 32 27 18 33 33 17 23 27 33 25 37 22 23 21 
72 48 16 56 45 38 37 56 11 42 13 25 34 31 52 39 34 44 40 12 32 45 37 30 0 17 61 21 27 18 46 44 51 54 13 53 45 54 40 25 21 63 32 25 33 52 42 50 51 54 8 18 6 34 48 25 42 13 16 36 53 59 49 43 43 61 42 46 20 19 26 41 56 41 11 66 39 9 50 
61 52 27 41 34 37 25 41 7 33 21 21 29 16 39 42 19 35 26 6 19 43 33 19 17 0 50 12 34 14 35 32 37 40 6 38 36 47 28 31 9 50 19 16 17 36 32 34 36 39 10 7 15 27 39 20 40 15 23 21 44 47 39 29 28 47 41 32 14 15 25 38 44 27 8 55 23 9 38 
12 55 75 53 17 38 26 24 54 21 54 38 32 51 15 49 49 20 28 53 54 36 31 32 61 50 0 42 55 44 16 19 17 14 51 50 19 20 23 53 55 10 33 37 46 39 21 40 52 52 55 45 62 31 17 38 34 51 53 49 12 6 13 23 30 13 37 20 62 63 41 33 7 52 56 6 39 54 13 
52 43 35 46 25 27 17 38 14 23 17 10 18 24 33 33 25 25 21 13 27 32 22 10 21 12 42 0 27 5 26 24 31 34 11 42 26 37 20 24 20 43 13 6 23 37 22 35 41 44 15 6 21 16 29 9 29 12 18 27 34 39 30 24 26 41 30 26 25 26 15 27 37 33 16 47 25 13 31 
64 22 40 72 42 19 37 60 31 36 15 21 24 49 52 14 51 36 45 32 51 26 25 32 27 34 55 27 0 23 42 41 51 53 30 68 38 41 39 4 42 60 38 28 48 62 37 61 67 70 28 30 31 27 39 22 25 20 13 52 44 55 43 45 50 60 23 47 44 44 16 25 52 59 33 60 51 28 48 
55 40 33 50 28 25 20 42 14 25 13 9 17 28 36 30 29 26 26 14 30 31 21 14 18 14 44 5 23 0 29 27 35 37 11 46 28 37 23 20 22 46 18 9 27 41 24 40 45 48 13 8 20 16 30 8 28 8 13 31 36 42 32 27 30 45 28 30 27 27 12 26 39 37 16 49 29 12 34 
27 46 60 47 2 28 11 22 39 7 39 24 19 38 12 39 37 8 16 38 41 28 20 17 46 35 16 26 42 29 0 4 12 12 36 43 7 19 8 39 40 19 18 21 34 33 6 33 44 45 40 30 46 16 8 23 25 35 38 37 11 15 5 11 21 19 28 11 47 48 27 23 12 41 41 22 28 39 7 
30 47 57 44 3 29 8 21 36 8 38 22 19 35 12 39 34 10 13 35 38 30 20 15 44 32 19 24 41 27 4 0 11 12 33 40 9 22 5 39 37 21 15 19 30 30 5 31 41 42 38 27 44 16 11 22 26 33 37 34 14 17 8 9 18 19 29 9 45 45 26 25 14 38 38 24 25 36 8 
27 57 63 38 12 39 16 11 42 18 46 31 29 36 3 49 33 19 13 41 38 39 30 22 51 37 17 31 51 35 12 11 0 5 39 34 18 29 14 48 40 14 20 27 30 24 16 25 36 36 44 33 50 26 19 31 36 41 46 33 19 13 14 9 14 11 39 6 48 49 36 34 11 35 44 21 23 43 8 
23 57 66 41 12 39 18 13 45 18 48 33 30 39 3 50 37 19 16 44 42 39 31 25 54 40 14 34 53 37 12 12 5 0 42 37 18 27 16 50 44 10 23 30 34 27 16 28 39 40 47 36 53 27 18 33 36 44 48 36 17 9 12 12 18 8 38 9 52 52 38 34 7 39 47 17 27 46 6 
62 49 25 46 35 35 26 44 4 33 16 19 27 21 41 39 23 35 28 3 23 41 31 20 13 6 51 11 30 11 36 33 39 42 0 43 36 47 29 27 13 52 21 16 22 40 32 38 40 44 6 7 12 26 39 18 38 11 18 25 44 49 39 32 31 49 38 35 16 17 22 36 46 31 6 56 27 5 40 
58 82 59 5 42 63 38 27 44 47 57 49 52 24 36 72 21 48 29 42 23 67 56 39 53 38 50 42 68 46 43 40 34 37 43 0 48 60 39 65 34 43 33 42 22 12 43 11 5 4 47 40 50 49 50 48 63 51 58 19 52 45 46 32 23 39 65 33 39 40 55 61 44 14 44 52 19 46 40 
28 41 59 52 8 22 13 28 39 4 37 21 15 41 18 33 41 3 21 38 44 22 15 17 45 36 19 26 38 28 7 9 18 18 36 48 0 14 11 35 42 24 21 21 37 38 6 39 49 50 40 30 46 13 4 21 19 34 35 41 9 18 7 17 26 24 22 16 49 50 24 18 16 45 41 24 33 38 12 
26 36 69 64 20 22 26 38 50 16 44 30 21 54 28 32 54 14 34 49 57 18 18 29 54 47 20 37 41 37 19 22 29 27 47 60 14 0 24 39 54 29 34 32 50 50 19 51 62 63 50 41 56 22 12 30 17 42 42 54 11 23 16 29 38 31 19 28 61 61 30 17 22 58 52 24 46 48 22 
34 46 53 43 7 27 4 23 32 9 34 19 16 32 15 38 31 11 11 31 35 29 19 11 40 28 23 20 39 23 8 5 14 16 29 39 11 24 0 36 33 24 11 15 28 30 6 30 39 41 34 23 40 13 13 19 26 30 33 31 17 21 11 8 17 23 28 10 41 41 23 24 18 36 34 28 23 32 12 
62 24 39 69 39 18 34 57 28 34 13 19 22 46 49 15 48 34 42 29 49 25 23 29 25 31 53 24 4 20 39 39 48 50 27 65 35 39 36 0 39 58 35 25 46 60 35 58 64 67 26 27 29 24 37 19 23 17 10 50 42 53 41 42 47 57 22 44 41 41 13 23 50 56 30 58 48 25 45 
65 60 27 37 39 46 31 42 12 40 28 29 36 11 42 50 14 41 29 11 12 51 41 26 21 9 55 20 42 22 40 37 40 44 13 34 42 54 33 39 0 53 23 24 14 34 38 32 31 35 16 15 17 34 45 28 48 23 30 16 50 51 44 33 29 50 49 36 9 10 33 46 49 21 11 59 22 16 43 
16 62 76 46 20 45 27 16 55 25 57 42 37 48 12 56 46 25 26 53 50 44 37 34 63 50 10 43 60 46 19 21 14 10 52 43 24 29 24 58 53 0 32 39 43 32 24 34 45 45 56 45 62 35 23 41 41 53 56 45 20 7 18 21 26 5 44 18 61 62 46 40 9 47 56 10 35 55 14 
43 50 45 37 17 32 9 25 24 18 29 18 20 22 21 40 21 20 9 22 25 35 24 8 32 19 33 13 38 18 18 15 20 23 21 33 21 34 11 35 23 32 0 11 18 26 16 25 32 35 25 15 32 17 23 17 32 24 30 22 28 29 22 12 14 30 33 15 31 31 23 30 27 27 25 37 15 24 21 
47 41 39 46 21 24 13 34 19 18 20 8 14 26 28 32 27 20 19 18 29 29 18 6 25 16 37 6 28 9 21 19 27 30 16 42 21 32 15 25 24 39 11 0 24 36 17 34 41 44 20 10 26 12 24 7 26 15 20 28 29 35 25 20 24 37 27 23 30 30 14 24 32 34 21 42 24 18 26 
56 64 40 25 33 47 25 30 23 35 36 31 36 6 32 54 4 37 19 22 8 52 40 23 33 17 46 23 48 27 34 30 30 34 22 22 37 50 28 46 14 43 18 24 0 21 32 18 19 23 26 20 30 33 40 30 48 31 38 5 44 42 37 24 18 39 49 27 21 22 36 46 40 11 23 50 9 25 34 
47 74 60 15 32 55 29 17 42 37 53 42 44 25 25 65 22 39 20 40 25 58 47 32 52 36 39 37 62 41 33 30 24 27 40 12 38 50 30 60 34 32 26 36 21 0 34 3 14 14 45 36 49 41 40 42 55 47 53 20 42 34 35 23 14 28 57 23 41 42 48 52 33 18 42 41 14 44 30 
31 43 56 48 5 24 8 25 35 4 35 19 14 37 16 35 36 6 16 34 39 25 16 13 42 32 21 22 37 24 6 5 16 16 32 43 6 19 6 35 38 24 16 17 32 34 0 34 44 46 36 26 42 12 8 19 22 31 34 36 13 19 8 12 21 23 24 13 45 45 23 20 16 40 37 26 28 35 11 
49 74 57 15 32 55 29 19 40 37 51 41 44 22 26 64 19 39 20 38 23 58 47 31 50 34 40 35 61 40 33 31 25 28 38 11 39 51 30 58 32 34 25 34 18 3 34 0 12 13 43 34 47 40 40 41 54 45 52 17 42 36 36 23 14 30 56 24 38 39 47 52 34 16 40 43 12 42 31 
60 81 55 7 43 63 38 30 41 47 55 48 52 21 38 71 18 49 29 40 20 67 56 39 51 36 52 41 67 45 44 41 36 39 40 5 49 62 39 64 31 45 32 41 19 14 44 12 0 5 44 38 47 49 51 47 63 49 56 16 53 47 47 33 24 41 65 34 36 37 54 61 46 10 41 54 18 44 42 
60 84 59 3 44 66 40 30 45 49 58 51 54 25 38 74 22 51 31 43 24 69 58 42 54 39 52 44 70 48 45 42 36 40 44 4 50 63 41 67 35 45 35 44 23 14 46 13 5 0 48 42 51 51 52 50 65 52 60 20 54 47 48 35 26 41 67 36 40 41 57 63 46 14 45 54 21 47 43 
66 48 21 50 39 36 31 49 4 37 14 21 30 25 46 38 27 38 33 6 27 42 34 24 8 10 55 15 28 13 40 38 44 47 6 47 40 50 34 26 16 56 25 20 26 45 36 43 44 48 0 12 8 29 42 21 39 10 16 29 48 53 43 36 36 54 39 39 17 17 23 38 50 35 6 60 32 2 44 
56 47 31 44 29 31 20 39 10 27 18 15 22 20 35 37 22 29 23 9 23 37 27 14 18 7 45 6 30 8 30 27 33 36 7 40 30 41 23 27 15 45 15 10 20 36 26 34 38 42 12 0 18 21 33 14 34 12 19 24 38 42 33 25 26 43 34 29 21 21 19 32 40 30 12 50 23 10 34 
72 52 14 53 46 41 37 55 9 43 17 27 36 27 52 43 30 45 39 10 28 48 40 30 6 15 62 21 31 20 46 44 50 53 12 50 46 56 40 29 17 62 32 26 30 49 42 47 47 51 8 18 0 35 49 27 45 15 20 32 54 59 50 42 41 60 45 45 15 15 29 44 57 38 8 67 36 9 51 
41 34 48 53 16 16 13 35 29 11 25 9 4 36 26 25 37 12 22 28 39 19 8 11 34 27 31 16 27 16 16 16 26 27 26 49 13 22 13 24 34 35 17 12 33 41 12 40 49 51 29 21 35 0 15 9 16 22 23 37 21 30 18 21 28 34 17 22 40 41 12 13 27 43 31 36 32 28 22 
26 41 62 54 9 23 15 29 42 6 39 24 17 44 18 34 43 5 23 41 47 22 16 20 48 39 17 29 39 30 8 11 19 18 39 50 4 12 13 37 45 23 23 24 40 40 8 40 51 52 42 33 49 15 0 24 20 36 38 43 7 17 6 19 28 23 22 18 52 52 26 18 15 48 44 22 35 41 13 
49 35 40 52 23 18 17 39 21 19 17 2 10 32 32 25 33 20 24 21 35 24 14 11 25 20 38 9 22 8 23 22 31 33 18 48 21 30 19 19 28 41 17 7 30 42 19 41 47 50 21 14 27 9 24 0 21 13 16 34 29 37 26 24 29 40 21 27 33 34 7 19 34 40 23 44 31 19 29 
42 22 57 67 25 6 26 46 40 19 31 20 13 51 36 16 51 18 36 40 54 5 8 26 42 40 34 29 25 28 25 26 36 36 38 63 19 17 26 23 48 41 32 26 48 55 22 54 63 65 39 34 45 16 20 21 0 31 28 52 23 36 25 33 41 42 3 34 53 53 18 3 33 58 43 39 46 38 31 
61 39 28 54 35 27 27 48 12 31 7 14 22 30 43 29 32 32 32 13 33 34 26 20 13 15 51 12 20 8 35 33 41 44 11 51 34 42 30 17 23 53 24 15 31 47 31 45 49 52 10 12 15 22 36 13 31 0 8 34 42 49 38 34 36 51 31 37 26 25 14 29 46 40 14 56 34 9 40 
63 33 31 62 38 24 31 53 19 33 4 16 22 38 47 24 40 34 38 20 40 30 25 25 16 23 53 18 13 13 38 37 46 48 18 58 35 42 33 10 30 56 30 20 38 53 34 52 56 60 16 19 20 23 38 16 28 8 0 42 43 52 41 39 42 55 28 41 32 32 13 27 49 48 21 58 41 16 44 
59 68 42 22 36 51 29 31 26 39 40 35 40 6 35 59 3 40 22 25 7 56 45 27 36 21 49 27 52 31 37 34 33 36 25 19 41 54 31 50 16 45 22 28 5 20 36 17 16 20 29 24 32 37 43 34 52 34 42 0 47 44 40 27 19 41 53 29 22 23 40 50 42 7 26 52 11 29 37 
21 44 68 56 12 27 20 29 47 12 45 29 22 48 18 38 47 10 26 46 51 25 21 25 53 44 12 34 44 36 11 14 19 17 44 52 9 11 17 42 50 20 28 29 44 42 13 42 53 54 48 38 54 21 7 29 23 42 43 47 0 14 7 21 30 21 25 20 57 57 31 22 12 51 49 17 38 46 13 
15 57 73 48 15 40 23 19 52 20 53 37 32 47 11 50 45 20 24 51 49 38 32 30 59 47 6 39 55 42 15 17 13 9 49 45 18 23 21 53 51 7 29 35 42 34 19 36 47 47 53 42 59 30 17 37 36 49 52 44 14 0 13 19 26 9 38 16 59 60 41 34 4 47 54 9 35 52 10 
24 46 63 50 6 28 14 24 42 8 42 26 20 42 13 39 41 8 19 41 45 28 20 20 49 39 13 30 43 32 5 8 14 12 39 46 7 16 11 41 44 18 22 25 37 35 8 36 47 48 43 33 50 18 6 26 25 38 41 40 7 13 0 15 24 18 27 13 51 52 29 23 10 44 44 19 32 42 7 
33 54 55 36 11 35 9 16 34 16 39 25 24 29 11 45 27 17 6 33 32 37 26 15 43 29 23 24 45 27 11 9 9 12 32 32 17 29 8 42 33 21 12 20 24 23 12 23 33 35 36 25 42 21 19 24 33 34 39 27 21 19 15 0 10 19 35 4 41 41 30 31 17 31 36 27 18 35 11 
40 61 54 27 20 42 16 14 34 24 42 30 31 23 16 52 21 26 7 32 25 45 34 20 43 28 30 26 50 30 21 18 14 18 31 23 26 38 17 47 29 26 14 24 18 14 21 14 24 26 36 26 41 28 28 29 41 36 42 19 30 26 24 10 0 23 43 12 37 38 35 39 24 22 35 34 10 35 19 
20 63 73 42 19 45 25 12 52 25 56 41 37 45 10 56 42 26 23 51 47 45 37 32 61 47 13 41 60 45 19 19 11 8 49 39 24 31 23 57 50 5 30 37 39 28 23 30 41 41 54 43 60 34 23 40 42 51 55 41 21 9 18 19 23 0 45 16 58 59 45 41 10 43 54 14 32 53 13 
44 20 57 69 28 5 28 49 41 22 30 21 14 52 38 14 52 20 38 41 55 4 10 27 42 41 37 30 23 28 28 29 39 38 38 65 22 19 28 22 49 44 33 27 49 57 24 56 65 67 39 34 45 17 22 21 3 31 28 53 25 38 27 35 43 45 0 36 54 54 17 5 36 59 43 41 48 38 33 
31 55 58 37 10 36 11 14 37 16 42 27 25 32 7 46 30 17 9 36 34 37 28 18 46 32 20 26 47 30 11 9 6 9 35 33 16 28 10 44 36 18 15 23 27 23 13 24 34 36 39 29 45 22 18 27 34 37 41 29 20 16 13 4 12 16 36 0 44 44 32 32 14 33 39 25 20 38 9 
73 64 21 41 47 50 38 50 14 46 29 34 42 17 50 54 20 48 36 14 17 56 47 33 20 14 62 25 44 27 47 45 48 52 16 39 49 61 41 41 9 61 31 30 21 41 45 38 36 40 17 21 15 40 52 33 53 26 32 22 57 59 51 41 37 58 54 44 0 2 37 51 56 26 12 67 29 17 50 
74 64 20 42 47 50 39 51 14 47 29 34 43 18 51 54 21 49 37 14 18 57 47 33 19 15 63 26 44 27 48 45 49 52 17 40 50 61 41 41 10 62 31 30 22 42 45 39 37 41 17 21 15 41 52 34 53 25 32 23 57 60 52 41 38 59 54 44 2 0 38 51 57 27 12 68 30 17 51 
51 29 41 59 27 14 22 45 24 22 15 7 10 38 37 19 39 22 30 24 41 20 13 17 26 25 41 15 16 12 27 26 36 38 22 55 24 30 23 13 33 46 23 14 36 48 23 47 54 57 23 19 29 12 26 7 18 14 13 40 31 41 29 30 35 45 17 32 37 38 0 16 38 46 27 46 37 22 33 
41 24 56 65 24 6 24 44 39 17 30 18 11 49 34 17 49 16 34 38 52 7 6 23 41 38 33 27 25 26 23 25 34 34 36 61 18 17 24 23 46 40 30 24 46 52 20 52 61 63 38 32 44 13 18 19 3 29 27 50 22 34 23 31 39 41 5 32 51 51 16 0 32 55 41 38 44 37 29 
18 55 70 47 12 37 20 18 49 17 50 34 29 45 9 48 43 17 22 48 47 36 29 27 56 44 7 37 52 39 12 14 11 7 46 44 16 22 18 50 49 9 27 32 40 33 16 34 46 46 50 40 57 27 15 34 33 46 49 42 12 4 10 17 24 10 36 14 56 57 38 32 0 45 51 12 33 49 7 
61 74 46 16 40 57 34 32 32 43 46 41 46 12 37 65 9 45 26 31 10 61 50 33 41 27 52 33 59 37 41 38 35 39 31 14 45 58 36 56 21 47 27 34 11 18 40 16 10 14 35 30 38 43 48 40 58 40 48 7 51 47 44 31 22 43 59 33 26 27 46 55 45 0 31 55 14 35 40 
67 52 20 47 40 40 32 48 3 39 18 24 33 21 46 43 24 40 33 4 22 46 37 25 11 8 56 16 33 16 41 38 44 47 6 44 41 52 34 30 11 56 25 21 23 42 37 40 41 45 6 12 8 31 44 23 43 14 21 26 49 54 44 36 35 54 43 39 12 12 27 41 51 31 0 61 30 6 45 
7 59 80 55 22 43 31 26 59 26 59 44 37 55 19 54 53 25 32 58 58 40 36 37 66 55 6 47 60 49 22 24 21 17 56 52 24 24 28 58 59 10 37 42 50 41 26 43 54 54 60 50 67 36 22 44 39 56 58 52 17 9 19 27 34 14 41 25 67 68 46 38 12 55 61 0 43 59 18 
49 64 47 23 27 46 21 22 29 31 40 31 35 14 25 55 12 33 13 28 16 50 39 22 39 23 39 25 51 29 28 25 23 27 27 19 33 46 23 48 22 35 15 24 9 14 28 12 18 21 32 23 36 32 35 31 46 34 41 11 38 35 32 18 10 32 48 20 29 30 37 44 33 14 30 43 0 31 28 
65 47 22 49 38 35 29 48 4 36 14 20 28 24 44 38 27 37 32 5 26 41 32 23 9 9 54 13 28 12 39 36 43 46 5 46 38 48 32 25 16 55 24 18 25 44 35 42 44 47 2 10 9 28 41 19 38 9 16 29 46 52 42 35 35 53 38 38 17 17 22 37 49 35 6 59 31 0 43 
24 52 64 44 7 34 14 17 43 13 44 29 25 39 7 45 38 14 16 42 42 34 26 21 50 38 13 31 48 34 7 8 8 6 40 40 12 22 12 45 43 14 21 26 34 30 11 31 42 43 44 34 51 22 13 29 31 40 44 37 13 10 7 11 19 13 33 9 50 51 33 29 7 40 45 18 28 43 0 
