4 1000 79 
1000 1000 1000 1000 
72 442 54 506
66 718 37 756
19 983 49 1038
76 632 37 690
62 628 25 700
53 988 34 1063
73 432 33 515
24 606 10 681
46 464 30 484
66 823 63 847
76 467 51 521
34 466 76 491
72 901 73 957
21 716 73 768
44 946 42 1014
4 728 76 778
6 695 8 740
61 759 28 813
30 447 73 511
76 962 32 1009
60 1066 29 1102
73 659 26 729
31 852 13 895
50 987 45 1037
32 1030 31 1058
62 849 6 900
55 589 14 615
73 1020 42 1096
43 993 64 1035
24 900 76 932
32 1000 22 1036
38 479 28 532
38 880 75 915
23 868 73 943
53 804 69 844
6 589 4 617
74 966 5 1020
76 658 23 706
25 843 45 877
55 775 27 848
24 879 33 949
68 703 40 748
27 1072 48 1112
41 891 43 953
8 953 48 1000
74 936 21 1002
60 1024 13 1087
54 790 62 845
44 657 74 744
25 727 67 775
42 582 48 615
7 499 12 542
44 508 29 579
51 747 62 806
50 689 47 716
43 1030 65 1122
57 514 59 560
54 980 67 1020
17 901 4 958
15 1049 42 1087
47 750 74 836
34 783 70 827
36 563 7 607
45 449 65 486
75 718 23 766
64 636 48 695
45 488 10 543
29 780 21 830
26 932 14 952
59 504 15 546
61 1033 52 1044
71 910 10 972
15 497 31 541
38 1014 17 1050
31 1003 50 1085
70 958 77 1016
44 460 32 508
22 453 68 486
37 439 65 533
32 689 6 741
63 907 67 957
47 1070 50 1121
30 1030 10 1102
33 452 64 524
38 487 18 548
74 449 49 481
67 500 38 567
4 1025 35 1044
56 429 28 483
73 625 62 690
57 796 22 825
15 613 32 658
77 941 32 977
39 841 25 888
18 731 54 771
37 446 21 493
59 606 8 632
66 990 40 1031
11 749 30 820
68 1066 42 1156
52 595 78 648
35 616 5 659
32 421 13 468
66 453 23 493
37 991 7 1084
50 759 23 784
70 977 72 1038
37 600 17 679
22 518 71 574
24 717 23 795
15 543 37 623
18 466 20 531
77 970 69 1023
78 968 65 1036
13 966 26 1020
54 458 64 519
28 543 22 584
13 474 43 528
12 459 78 494
66 448 44 487
56 648 40 729
23 1012 7 1074
68 986 23 1013
64 764 29 838
74 496 69 520
68 425 47 483
72 871 48 915
58 959 16 1014
34 563 63 614
24 788 65 843
50 1037 5 1074
51 1038 71 1096
29 831 19 898
12 446 10 512
58 730 46 798
11 853 43 930
54 531 9 549
64 1058 9 1085
62 610 74 657
47 653 31 727
37 724 15 792
29 1043 30 1085
18 545 49 593
72 1040 23 1083
47 1051 68 1096
8 1069 51 1147
18 1045 49 1097
76 846 27 884
27 922 4 969
49 673 66 718
17 894 28 940
9 477 28 549
74 544 73 598
29 475 45 526
32 967 60 1019
30 420 75 475
28 869 35 905
72 592 71 647
49 1062 39 1117
48 524 32 565
11 472 66 522
4 887 75 951
14 682 65 737
44 705 25 781
41 498 28 538
57 550 42 611
14 700 68 745
44 602 27 641
66 484 13 528
20 1042 58 1080
12 860 41 902
38 442 30 469
11 836 34 870
8 429 22 476
68 943 42 1005
48 863 36 891
9 695 30 758
7 1034 30 1107
28 1049 67 1111
17 1066 16 1100
14 443 13 481
73 802 47 911
41 763 9 814
69 955 73 1037
47 477 50 505
57 916 56 988
5 856 31 924
25 1040 43 1122
78 750 34 799
67 485 65 560
42 439 64 535
11 845 34 869
38 773 23 817
62 823 74 873
55 1050 35 1096
62 795 36 823
55 646 33 685
70 1060 37 1101
58 971 61 1013
27 884 28 923
52 607 9 697
73 1014 19 1067
5 721 71 770
72 520 42 551
66 517 53 583
15 1039 4 1070
54 514 26 546
76 465 22 504
37 973 10 988
26 937 28 984
22 770 63 785
72 1014 53 1069
6 805 33 863
76 1030 19 1086
70 421 50 488
5 445 8 479
23 729 15 764
15 832 27 893
70 522 12 590
43 735 14 806
37 730 15 788
12 639 27 710
53 889 28 946
65 859 19 921
22 992 45 1041
59 782 63 814
5 574 25 611
44 982 76 1031
49 427 54 470
18 804 28 884
78 1048 48 1098
13 975 23 1056
48 814 78 883
45 737 49 814
58 848 20 882
37 1060 15 1146
12 435 27 510
37 1054 14 1119
57 1016 42 1082
64 976 29 1025
68 797 31 866
44 909 20 923
47 505 63 578
54 508 49 534
77 606 25 629
76 1063 68 1101
12 462 43 548
37 971 46 1026
26 626 20 706
74 888 46 934
61 707 11 767
36 467 18 517
62 471 53 531
35 475 53 514
4 587 64 636
18 514 6 581
9 631 24 675
6 492 66 562
16 1067 47 1125
11 1021 48 1076
72 766 56 847
39 554 48 596
19 954 54 1003
9 877 18 932
78 681 40 739
41 895 32 916
11 647 35 690
16 778 27 825
6 1057 26 1085
75 500 10 524
43 718 11 789
20 1062 25 1142
5 1033 54 1053
25 884 9 932
50 895 29 927
68 442 74 483
50 1064 75 1113
69 790 74 843
69 989 73 1074
56 661 29 710
76 633 9 667
70 834 69 877
47 821 57 911
73 815 48 872
56 467 16 519
14 841 73 908
27 532 72 594
44 982 14 1062
34 1041 71 1102
50 790 38 822
58 704 67 750
5 952 64 1010
57 716 69 798
49 1066 10 1090
29 446 18 489
11 864 6 930
76 558 49 611
71 910 30 943
57 479 44 523
13 468 31 511
47 876 41 953
28 631 72 677
50 584 41 645
55 699 62 770
29 1068 63 1109
37 511 7 588
45 724 77 765
21 862 58 911
49 456 42 523
19 1041 16 1081
34 1069 76 1089
49 493 10 520
17 997 49 1041
45 443 50 478
15 648 20 704
26 858 9 911
13 769 76 809
58 467 65 515
20 760 55 829
10 885 71 939
54 430 13 483
12 458 27 506
6 572 27 621
54 445 38 499
13 535 31 598
54 685 77 736
20 973 18 1033
60 857 45 908
70 923 57 993
54 1072 58 1122
16 957 32 1012
54 1078 32 1144
72 930 70 991
52 457 17 482
21 497 75 561
5 918 16 968
44 1043 43 1127
14 786 70 839
13 1067 73 1098
48 675 56 754
51 677 31 742
12 1078 6 1098
43 565 9 607
41 614 9 668
43 1038 8 1109
22 659 58 706
39 694 64 766
18 867 57 917
72 893 18 982
57 785 44 841
40 739 63 800
15 747 65 780
43 1057 40 1144
14 566 67 608
78 891 54 939
46 700 75 741
20 519 10 584
20 949 19 1016
68 991 33 1081
6 790 35 822
21 1068 18 1136
66 491 45 548
58 902 9 944
49 901 45 959
24 472 73 507
7 474 8 529
37 777 48 843
37 748 9 775
44 977 49 1031
38 1058 18 1126
54 1045 72 1106
26 900 32 965
49 838 17 904
33 756 15 808
35 634 13 675
44 760 61 814
23 470 29 522
60 588 78 609
34 899 67 929
69 595 57 647
11 1024 77 1076
55 722 45 761
72 530 8 585
23 769 67 805
20 430 17 515
35 989 69 1040
49 481 55 530
20 992 16 1067
74 666 18 705
55 956 42 1014
72 456 56 541
33 1047 64 1131
32 948 75 1015
76 648 22 670
48 725 52 761
25 623 64 694
46 1039 65 1108
21 712 18 754
65 1023 28 1079
75 878 77 920
22 1114 22 1411
62 769 62 1052
29 1024 29 1213
19 782 19 991
25 782 25 1014
32 1000 32 1202
62 1007 62 1252
38 1151 38 1409
4 522 4 752
55 543 55 777
69 544 69 807
73 852 73 1048
58 1008 58 1207
35 792 35 1074
64 380 64 665
43 489 43 717
74 469 74 701
63 958 63 1246
74 600 74 794
56 317 56 509
5 959 5 1173
47 333 47 588
35 757 35 949
25 941 25 1231
32 505 32 757
30 973 30 1174
19 938 19 1199
74 677 74 919
55 413 55 688
34 301 34 518
65 810 65 1070
37 951 37 1181
44 506 44 750
31 381 31 568
49 635 49 922
68 305 68 513
20 311 20 561
70 355 70 591
12 1151 12 1337
20 1194 20 1478
42 1177 42 1397
23 793 23 1066
14 558 14 800
5 1013 5 1194
18 301 18 500
22 847 22 1061
19 804 19 1048
21 590 21 881
47 1050 47 1258
75 720 75 989
70 973 70 1223
49 577 49 788
27 1087 27 1334
52 1006 52 1206
59 331 59 522
5 635 5 894
20 301 20 493
21 498 21 678
23 941 23 1217
64 1134 64 1431
20 529 20 805
35 772 35 1055
61 599 61 898
39 621 39 868
4 780 4 1057
9 800 9 989
9 594 9 882
70 926 70 1188
39 1030 39 1261
44 486 44 697
11 398 11 652
45 359 45 603
76 753 76 939
30 1108 30 1381
56 617 56 808
24 535 24 833
64 487 64 715
42 464 42 686
39 1134 39 1404
63 900 63 1187
11 457 11 645
63 414 63 664
61 968 61 1206
12 749 12 1031
27 600 27 881
24 781 24 1017
26 690 26 919
34 811 34 1099
36 757 36 1055
46 618 46 840
59 341 59 607
24 317 24 529
16 532 16 748
43 447 43 686
4 369 4 555
54 915 54 1175
39 369 39 583
24 349 24 625
34 536 34 835
32 508 32 777
52 960 52 1145
10 616 10 867
76 304 76 495
16 908 16 1201
25 1115 25 1390
77 1060 77 1337
45 404 45 702
56 566 56 815
44 1171 44 1381
21 876 21 1082
33 1063 33 1341
18 865 18 1052
78 824 78 1118
17 1073 17 1284
66 1057 66 1284
15 653 15 911
19 422 19 630
68 937 68 1200
59 643 59 847
50 744 50 997
30 1056 30 1238
25 949 25 1144
62 686 62 978
25 858 25 1047
38 1043 38 1254
14 354 14 571
5 339 5 530
51 946 51 1209
12 661 12 849
8 407 8 676
6 614 6 874
29 577 29 812
20 788 20 1042
4 326 4 574
22 1078 22 1318
50 749 50 945
34 1067 34 1295
78 877 78 1110
55 457 55 655
35 598 35 794
41 372 41 609
54 443 54 652
47 313 47 515
40 496 40 676
25 1147 25 1350
60 971 60 1197
34 767 34 947
41 889 41 1094
72 1023 72 1253
48 827 48 1112
47 1116 47 1333
43 991 43 1213
30 548 30 747
41 1088 41 1278
45 1115 45 1328
30 679 30 921
67 425 67 627
67 606 67 811
65 681 65 918
17 536 17 748
78 963 78 1190
49 904 49 1203
36 768 36 1048
63 763 63 1006
8 1103 8 1400
49 659 49 913
28 1138 28 1391
38 588 38 809
17 429 17 654
53 575 53 761
64 1029 64 1244
54 318 54 575
49 478 49 696
66 1043 66 1280
10 526 10 723
10 1077 10 1370
26 692 26 930
70 553 70 758
45 875 45 1145
66 576 66 824
12 421 12 678
33 670 33 952
21 1191 21 1440
10 1003 10 1217
26 1051 26 1237
41 1085 41 1360
62 416 62 714
66 886 66 1124
64 671 64 902
14 651 14 890
49 523 49 747
24 499 24 692
29 421 29 611
78 1039 78 1281
49 625 49 892
55 555 55 740
52 543 52 726
7 807 7 1071
60 646 60 872
15 503 15 786
46 765 46 955
19 1006 19 1233
60 1060 60 1326
23 739 23 1038
24 958 24 1178
59 571 59 855
15 513 15 700
17 1021 17 1256
36 710 36 931
70 1143 70 1399
26 457 26 709
47 435 47 643
26 460 26 728
15 1187 15 1412
78 638 78 884
31 816 31 1081
9 482 9 733
38 617 38 824
60 795 60 1089
35 1056 35 1341
58 1164 58 1428
14 1128 14 1427
65 706 65 966
17 775 17 975
35 366 35 665
66 992 66 1191
45 1042 45 1274
38 772 38 973
35 351 35 586
32 440 32 620
44 868 44 1159
73 382 73 593
76 1023 76 1237
51 427 51 683
53 885 53 1088
41 785 41 967
75 1031 75 1278
7 485 7 704
5 766 5 1038
63 1023 63 1233
18 621 18 887
46 846 46 1068
68 664 68 867
21 674 21 874
33 795 33 999
19 354 19 610
41 739 41 1017
46 482 46 663
39 374 39 612
11 748 11 1033
39 482 39 736
46 925 46 1208
39 756 39 1021
9 1106 9 1342
61 900 61 1105
52 822 52 1011
45 1021 45 1225
48 659 48 888
77 662 77 866
68 644 68 844
18 1092 18 1349
49 1031 49 1316
7 1010 7 1190
73 1051 73 1236
51 626 51 920
5 648 5 894
76 673 76 902
75 528 75 815
63 1182 63 1389
43 421 43 667
24 577 24 873
28 943 28 1228
19 828 19 1062
44 848 44 1051
33 817 33 1000
60 981 60 1217
15 734 15 977
60 442 60 699
75 649 75 877
65 1186 65 1454
6 381 6 644
50 1063 50 1257
62 469 62 715
65 364 65 641
14 324 14 552
43 1108 43 1300
21 795 21 1018
24 318 24 548
51 1136 51 1326
41 964 41 1212
13 939 13 1165
51 321 51 601
55 700 55 985
45 795 45 1041
10 452 10 717
39 768 39 952
34 804 34 990
50 1198 50 1430
74 583 74 804
11 1096 11 1392
23 854 23 1079
55 716 55 949
70 1190 70 1429
75 1105 75 1355
48 1105 48 1394
51 711 51 995
18 423 18 657
17 672 17 968
55 582 55 837
67 1071 67 1321
9 717 9 952
17 711 17 913
66 752 66 945
9 1192 9 1457
27 554 27 778
49 1011 49 1288
62 1087 62 1326
55 919 55 1161
70 1094 70 1299
22 614 22 851
68 913 68 1126
20 659 20 872
48 1151 48 1365
63 588 63 827
62 315 62 535
51 657 51 933
73 940 73 1122
13 696 13 989
40 939 40 1225
67 417 67 660
29 948 29 1170
60 376 60 639
48 1079 48 1351
31 878 31 1118
44 718 44 935
57 566 57 840
20 834 20 1108
10 941 10 1161
26 768 26 1027
72 474 72 706
43 418 43 638
54 1058 54 1343
33 829 33 1094
8 561 8 821
67 835 67 1124
5 1192 5 1430
24 603 24 798
51 500 51 741
41 1090 41 1272
71 1186 71 1407
66 965 66 1250
15 998 15 1252
10 986 10 1214
76 944 76 1200
74 882 74 1112
68 549 68 733
74 1156 74 1429
35 672 35 852
71 383 71 583
45 451 45 671
52 413 52 626
72 434 72 692
76 404 76 697
57 745 57 1000
40 538 40 739
10 678 10 933
35 955 35 1157
52 701 52 905
77 1192 77 1395
44 684 44 972
4 621 4 889
32 852 32 1101
65 651 65 919
48 571 48 810
24 362 24 650
51 320 51 582
66 785 66 1076
60 724 60 962
4 724 4 965
48 1076 48 1312
12 720 12 987
71 1066 71 1288
19 1120 19 1363
4 859 4 1065
18 773 18 1005
9 1075 9 1287
56 685 56 960
61 1023 61 1214
74 687 74 919
69 809 69 1081
43 406 43 591
57 526 57 758
68 848 68 1085
41 831 41 1041
4 619 4 872
9 1047 9 1227
63 791 63 973
60 637 60 919
60 475 60 721
13 414 13 632
76 1087 76 1277
69 1118 69 1313
14 317 14 582
48 1186 48 1448
44 748 44 993
32 329 32 526
48 621 48 843
59 601 59 821
36 528 36 731
73 558 73 834
10 671 10 885
73 423 73 617
68 885 68 1113
44 931 44 1189
35 436 35 733
9 872 9 1065
12 343 12 604
15 996 15 1225
7 1008 7 1196
78 471 78 751
12 665 12 918
68 963 68 1224
16 1056 16 1286
60 332 60 618
40 849 40 1097
69 786 69 1055
74 976 74 1275
58 1029 58 1231
5 1012 5 1273
74 782 74 1075
48 605 48 862
33 906 33 1098
44 523 44 715
15 529 15 746
50 462 50 694
51 1048 51 1290
68 589 68 783
22 1061 22 1262
33 569 33 791
33 915 33 1108
18 599 18 812
23 779 23 976
9 478 9 710
20 676 20 947
8 762 8 990
73 1131 73 1342
50 955 50 1143
15 417 15 692
71 708 71 955
5 463 5 670
19 419 19 717
12 761 12 1057
59 337 59 622
68 952 68 1231
46 917 46 1120
59 477 59 703
4 924 4 1119
57 537 57 739
9 964 9 1182
73 453 73 698
22 639 22 920
40 653 40 888
12 921 12 1184
6 572 6 776
10 1080 10 1365
34 1159 34 1406
42 553 42 819
43 1001 43 1236
20 1003 20 1218
73 1162 73 1433
50 558 50 834
55 302 55 584
41 761 41 1005
59 360 59 612
54 809 54 1065
52 888 52 1151
18 1059 18 1282
50 517 50 811
49 983 49 1263
77 423 77 718
45 904 45 1194
11 1124 11 1339
55 765 55 1009
39 325 39 534
56 1163 56 1398
30 568 30 754
34 781 34 1017
67 765 67 1036
61 309 61 590
15 961 15 1228
58 410 58 617
55 337 55 579
63 568 63 807
78 976 78 1250
65 911 65 1107
77 416 77 600
26 838 26 1022
55 398 55 670
76 1125 76 1330
60 323 60 575
20 621 20 910
11 652 11 945
21 1148 21 1407
77 1087 77 1322
69 992 69 1261
19 1095 19 1300
15 417 15 653
41 940 41 1179
52 862 52 1152
38 487 38 782
25 315 25 556
27 516 27 702
15 379 15 596
11 955 11 1244
35 414 35 698
35 1071 35 1264
73 1136 73 1387
56 908 56 1110
76 920 76 1182
17 1061 17 1359
59 1192 59 1440
11 991 11 1243
38 379 38 608
14 942 14 1241
74 510 74 744
61 376 61 644
77 984 77 1180
37 1134 37 1415
48 1025 48 1215
43 620 43 909
69 768 69 965
11 1064 11 1314
64 712 64 907
36 845 36 1051
36 663 36 920
68 469 68 764
29 494 29 786
28 438 28 731
66 974 66 1166
52 549 52 791
29 541 29 821
58 337 58 603
48 654 48 889
14 410 14 649
26 812 26 1045
68 808 68 1032
5 524 5 730
75 310 75 577
44 1035 44 1277
26 1188 26 1398
62 1174 62 1385
65 300 65 522
25 961 25 1219
19 489 19 746
73 807 73 1024
69 1144 69 1398
46 305 46 575
57 1028 57 1306
44 922 44 1109
44 707 44 957
29 1189 29 1376
9 663 9 900
58 859 58 1104
43 728 43 943
16 1035 16 1308
11 942 11 1220
8 908 8 1125
35 908 35 1103
13 624 13 836
42 1011 42 1234
33 712 33 927
65 374 65 585
44 876 44 1073
55 464 55 690
43 811 43 1109
12 977 12 1165
30 1077 30 1371
53 1151 53 1343
69 597 69 796
40 1152 40 1435
28 977 28 1276
11 915 11 1123
10 576 10 776
47 702 47 959
22 1008 22 1212
11 717 11 916
59 857 59 1096
9 1066 9 1328
77 506 77 721
57 1077 57 1362
48 439 48 669
30 1178 30 1418
64 1005 64 1304
51 450 51 634
47 881 47 1067
70 1141 70 1358
58 438 58 646
62 722 62 938
32 454 32 637
7 452 7 734
0 61 86 61 59 57 71 55 46 55 56 31 64 27 56 56 56 66 41 38 11 40 49 67 30 70 64 31 55 67 70 47 47 55 32 54 33 62 72 57 53 35 61 51 19 66 63 83 38 48 71 14 58 67 66 53 48 33 26 56 57 55 43 43 38 57 42 46 55 60 59 61 58 14 53 65 45 61 47 
61 0 61 86 46 60 44 11 32 67 73 38 42 48 40 28 51 33 73 65 51 44 40 54 38 49 52 51 38 66 53 21 27 7 43 41 38 74 61 38 22 35 4 79 44 34 48 59 24 57 59 60 17 61 69 23 75 40 45 22 42 18 56 44 66 20 52 62 56 81 73 54 23 53 69 69 44 53 46 
86 61 0 61 28 36 19 54 44 45 49 58 24 60 32 38 32 29 64 60 77 47 38 20 59 17 23 57 33 31 17 52 45 59 55 33 55 44 20 31 45 54 58 62 71 28 24 4 62 43 19 76 46 26 35 44 60 54 61 43 30 47 47 44 60 44 46 49 35 55 46 28 41 73 48 36 42 27 40 
61 86 61 0 47 30 59 76 55 20 15 53 54 46 50 62 39 64 21 26 59 43 48 45 54 53 44 40 52 31 50 67 59 81 47 48 51 18 42 53 66 54 84 11 59 64 48 59 68 30 44 49 72 37 27 65 15 49 49 67 49 70 31 43 25 69 35 25 34 7 16 39 67 52 18 26 43 41 41 
59 46 28 47 0 17 15 36 19 27 33 31 9 33 6 19 9 18 42 36 50 20 11 11 32 12 8 30 9 22 13 30 22 42 28 7 28 32 18 8 25 27 43 43 44 18 6 25 38 20 16 49 29 17 25 24 40 27 34 25 4 29 23 17 36 27 21 26 14 40 32 10 24 46 30 25 14 9 13 
57 60 36 30 17 0 30 50 29 11 17 35 25 32 22 34 10 35 29 25 50 22 21 17 36 24 15 27 24 11 22 42 34 55 29 20 32 16 18 24 39 34 57 28 46 35 18 33 47 10 18 45 44 12 11 38 25 30 35 40 20 43 15 20 25 42 16 14 5 24 15 11 39 44 14 11 19 12 16 
71 44 19 59 15 30 0 37 27 40 45 42 8 46 16 20 22 12 56 50 62 33 23 15 43 8 16 44 17 30 12 34 28 42 40 19 39 43 21 15 27 38 41 57 55 11 13 16 44 34 18 62 29 24 34 26 54 39 46 25 15 30 37 30 51 26 35 40 27 52 44 20 23 58 43 35 28 19 27 
55 11 54 76 36 50 37 0 23 58 63 29 34 39 31 19 42 26 64 56 45 34 30 46 30 41 43 42 29 57 45 11 18 6 34 32 29 65 53 29 12 26 8 69 37 27 39 52 18 47 50 52 9 52 60 13 65 31 37 13 33 9 46 35 57 12 43 53 46 71 64 45 15 46 60 60 34 44 36 
46 32 44 55 19 29 27 23 0 36 41 16 21 22 14 13 22 21 43 35 36 13 10 29 17 28 26 23 12 38 30 13 6 27 16 13 13 44 36 14 12 11 30 48 29 22 23 41 20 26 34 39 19 34 39 12 44 14 22 15 16 17 25 13 36 17 21 31 26 50 42 26 16 33 38 40 12 25 15 
55 67 45 20 27 11 40 58 36 0 7 38 35 33 31 43 19 45 21 19 50 26 29 27 39 34 25 27 33 16 31 49 41 63 32 28 36 9 26 34 47 38 65 18 47 44 28 42 52 12 27 42 53 20 13 46 16 34 36 48 30 51 15 25 19 50 18 10 14 15 7 21 48 43 4 12 25 22 23 
56 73 49 15 33 17 45 63 41 7 0 42 40 36 36 48 25 50 19 19 52 31 34 32 43 39 31 30 38 20 37 54 46 68 36 34 40 8 30 39 52 42 70 14 50 50 34 47 57 17 32 43 58 25 16 52 12 37 39 53 35 57 19 30 19 55 22 13 20 9 5 26 53 45 4 15 30 27 28 
31 38 58 53 31 35 42 29 16 38 42 0 35 11 27 27 31 36 37 30 21 14 21 41 2 41 37 15 26 45 43 20 18 32 8 25 4 47 46 28 24 6 36 45 14 37 35 54 16 28 45 25 30 43 45 24 41 6 8 27 29 27 25 17 31 29 21 31 32 50 44 36 29 19 39 45 19 35 21 
64 42 24 54 9 25 8 34 21 35 40 35 0 39 9 16 17 12 50 44 55 26 16 13 36 8 12 37 10 27 12 30 23 40 33 12 33 39 20 8 24 31 40 51 49 11 8 21 39 28 17 55 26 21 31 22 48 32 40 22 8 27 31 24 44 24 28 34 21 48 39 16 20 52 38 31 21 15 20 
27 48 60 46 33 32 46 39 22 33 36 11 39 0 31 34 30 42 28 21 19 15 24 42 11 44 39 7 31 43 45 29 26 42 7 29 11 41 46 33 32 14 46 36 15 43 38 57 26 24 46 17 39 42 42 33 32 9 4 36 32 36 20 17 22 37 18 25 31 43 39 36 37 14 33 42 20 36 21 
56 40 32 50 6 22 16 31 14 31 36 27 9 31 0 14 13 15 44 37 47 18 8 17 28 15 14 29 3 27 17 24 17 36 25 4 24 36 23 4 20 23 38 46 40 15 10 28 33 22 21 47 24 22 30 19 42 24 31 20 3 24 24 15 37 22 21 29 18 44 36 15 19 43 33 30 13 14 13 
56 28 38 62 19 34 20 19 13 43 48 27 16 34 14 0 25 11 53 46 46 23 15 28 28 24 26 34 11 40 27 15 10 24 28 15 25 49 35 12 8 22 25 57 39 12 21 35 25 33 32 50 11 35 43 7 53 26 33 7 16 11 34 23 46 9 30 39 30 56 48 28 6 45 45 43 21 27 22 
56 51 32 39 9 10 22 42 22 19 25 31 17 30 13 25 0 26 35 29 48 18 13 13 32 18 10 26 15 17 17 34 26 47 26 11 28 25 17 15 31 28 49 35 43 26 11 29 41 13 16 45 36 13 19 30 32 26 32 31 11 35 16 15 30 33 15 19 6 33 24 6 30 43 22 19 13 6 11 
66 33 29 64 18 35 12 26 21 45 50 36 12 42 15 11 26 0 58 51 56 30 21 24 37 18 23 41 14 38 21 24 20 31 36 18 34 49 31 13 17 31 30 60 49 2 19 27 35 36 28 59 18 32 42 16 56 34 42 15 16 19 38 29 52 15 35 43 31 58 49 26 12 54 47 42 26 25 27 
41 73 64 21 42 29 56 64 43 21 19 37 50 28 44 53 35 58 0 9 40 31 39 45 37 51 43 23 45 36 50 54 48 67 31 41 36 26 46 46 54 40 71 10 41 58 45 61 53 23 46 29 61 40 33 54 8 34 32 57 43 59 21 31 8 59 24 17 31 21 23 38 57 33 18 32 33 39 32 
38 65 60 26 36 25 50 56 35 19 19 30 44 21 37 46 29 51 9 0 35 23 32 40 30 46 38 16 38 34 44 46 40 60 24 34 29 26 42 39 47 32 63 16 34 51 39 57 45 18 42 25 53 36 31 47 12 26 24 49 37 51 14 24 2 51 17 12 26 24 23 33 50 28 17 31 26 34 25 
11 51 77 59 50 50 62 45 36 50 52 21 55 19 47 46 48 56 40 35 0 32 40 59 20 61 56 24 46 60 62 36 37 45 23 45 24 58 64 48 42 25 50 49 9 57 54 74 28 42 63 14 48 60 60 43 46 24 17 46 48 45 37 34 36 47 35 41 48 58 55 53 48 8 49 59 37 53 39 
40 44 47 43 20 22 33 34 13 26 31 14 26 15 18 23 18 30 31 23 32 0 11 29 15 31 25 12 18 32 31 24 18 38 9 15 11 34 34 20 24 13 42 36 26 31 24 44 27 16 33 31 31 30 32 24 32 9 16 27 19 29 13 4 24 29 10 20 19 39 32 23 27 27 27 32 6 23 8 
49 40 38 48 11 21 23 30 10 29 34 21 16 24 8 15 13 21 39 32 40 11 0 21 22 22 18 22 8 29 23 22 14 35 18 6 18 36 28 10 19 17 37 42 34 21 16 35 29 19 26 40 25 25 31 18 38 17 25 20 9 24 19 9 32 22 16 25 17 42 34 17 20 36 31 31 7 17 8 
67 54 20 45 11 17 15 46 29 27 32 41 13 42 17 28 13 24 45 40 59 29 21 0 42 9 4 38 19 16 6 40 32 51 37 17 38 29 8 18 35 38 52 44 54 23 8 17 48 24 6 57 38 10 20 33 41 37 43 34 14 38 28 26 41 35 27 29 15 39 30 8 32 55 30 21 24 8 22 
30 38 59 54 32 36 43 30 17 39 43 2 36 11 28 28 32 37 37 30 20 15 22 42 0 43 38 15 27 46 44 20 19 32 8 27 5 47 48 29 24 7 37 45 13 38 36 56 16 29 46 24 31 44 46 25 41 7 8 28 30 28 25 18 31 29 22 31 33 50 45 37 30 18 39 46 20 36 22 
70 49 17 53 12 24 8 41 28 34 39 41 8 44 15 24 18 18 51 46 61 31 22 9 43 0 10 41 17 24 5 37 30 47 39 17 39 36 14 15 31 38 46 51 55 17 8 14 46 29 12 60 33 17 28 30 48 38 45 29 14 34 33 28 46 31 31 35 21 46 37 15 27 57 37 28 26 14 24 
64 52 23 44 8 15 16 43 26 25 31 37 12 39 14 26 10 23 43 38 56 25 18 4 38 10 0 34 16 16 8 37 29 49 34 14 34 28 11 15 32 34 49 42 50 22 5 20 45 21 9 54 36 10 20 31 39 33 40 31 12 36 25 23 38 33 24 27 13 38 29 6 30 51 28 20 20 5 18 
31 51 57 40 30 27 44 42 23 27 30 15 37 7 29 34 26 41 23 16 24 12 22 38 15 41 34 0 29 37 41 32 27 45 9 26 14 35 42 31 34 17 49 31 21 42 34 54 30 18 41 20 40 37 36 34 27 11 10 37 29 38 14 14 17 38 12 18 26 37 33 31 37 18 27 36 17 31 18 
55 38 33 52 9 24 17 29 12 33 38 26 10 31 3 11 15 14 45 38 46 18 8 19 27 17 16 29 0 30 19 22 14 34 25 5 23 39 26 3 17 22 35 48 39 14 12 30 31 24 23 47 22 25 32 16 44 23 31 17 5 21 25 16 39 19 22 30 20 46 38 17 16 43 35 33 13 16 14 
67 66 31 31 22 11 30 57 38 16 20 45 27 43 27 40 17 38 36 34 60 32 29 16 46 24 16 37 30 0 20 50 42 62 39 26 42 15 12 29 46 43 64 33 56 38 21 29 56 20 14 55 50 7 5 45 31 40 45 46 25 50 25 29 34 48 26 23 14 25 17 13 45 54 19 6 28 14 25 
70 53 17 50 13 22 12 45 30 31 37 43 12 45 17 27 17 21 50 44 62 31 23 6 44 5 8 41 19 20 0 40 32 50 40 19 40 33 11 18 34 39 50 49 56 21 8 13 49 28 8 60 37 14 24 33 46 39 46 33 15 37 32 29 45 34 31 34 20 43 34 13 31 57 35 25 26 12 24 
47 21 52 67 30 42 34 11 13 49 54 20 30 29 24 15 34 24 54 46 36 24 22 40 20 37 37 32 22 50 40 0 9 15 24 25 19 56 47 23 8 16 19 59 29 25 33 49 12 38 45 43 12 45 52 9 55 21 27 12 27 9 36 25 47 12 33 43 38 62 55 38 14 37 50 52 25 37 27 
47 27 45 59 22 34 28 18 6 41 46 18 23 26 17 10 26 20 48 40 37 18 14 32 19 30 29 27 14 42 32 9 0 22 20 17 16 48 39 16 8 13 25 53 30 21 26 42 18 31 37 42 14 37 44 8 49 18 25 11 19 12 30 18 41 12 26 36 30 54 47 30 12 36 43 44 17 29 19 
55 7 59 81 42 55 42 6 27 63 68 32 40 42 36 24 47 31 67 60 45 38 35 51 32 47 49 45 34 62 50 15 22 0 37 37 32 70 58 35 18 29 6 73 38 32 45 57 18 52 56 54 15 58 65 19 69 35 39 18 38 14 51 39 61 17 47 57 51 76 68 50 20 47 64 65 39 49 41 
32 43 55 47 28 29 40 34 16 32 36 8 33 7 25 28 26 36 31 24 23 9 18 37 8 39 34 9 25 39 40 24 20 37 0 23 6 40 42 27 26 9 41 38 18 37 32 52 23 22 41 24 33 38 40 27 34 4 7 30 26 30 18 12 25 31 15 24 27 43 38 31 31 19 32 39 14 31 17 
54 41 33 48 7 20 19 32 13 28 34 25 12 29 4 15 11 18 41 34 45 15 6 17 27 17 14 26 5 26 19 25 17 37 23 0 22 34 24 7 21 22 39 43 39 18 11 30 32 20 22 45 26 22 29 20 40 22 29 21 5 25 21 13 35 23 18 26 16 42 34 14 20 41 31 29 10 13 10 
33 38 55 51 28 32 39 29 13 36 40 4 33 11 24 25 28 34 36 29 24 11 18 38 5 39 34 14 23 42 40 19 16 32 6 22 0 44 43 25 22 4 37 43 17 34 32 52 18 26 42 26 29 40 43 23 39 4 9 26 26 26 22 14 30 27 19 28 29 48 42 33 27 21 37 42 16 32 18 
62 74 44 18 32 16 43 65 44 9 8 47 39 41 36 49 25 49 26 26 58 34 36 29 47 36 28 35 39 15 33 56 48 70 40 34 44 0 26 39 54 46 72 20 56 49 32 42 60 20 28 50 59 21 11 53 19 42 44 54 35 58 23 33 26 56 26 18 20 11 4 24 54 51 10 10 32 25 30 
72 61 20 42 18 18 21 53 36 26 30 46 20 46 23 35 17 31 46 42 64 34 28 8 48 14 11 42 26 12 11 47 39 58 42 24 43 26 0 25 42 44 59 43 59 30 15 18 55 26 4 61 45 7 16 41 41 42 48 41 21 45 31 31 42 43 31 31 17 36 27 12 39 59 29 17 29 12 27 
57 38 31 53 8 24 15 29 14 34 39 28 8 33 4 12 15 13 46 39 48 20 10 18 29 15 15 31 3 29 18 23 16 35 27 7 25 39 25 0 18 24 35 49 41 13 11 28 32 25 22 49 22 24 32 17 45 25 33 17 5 22 27 18 40 19 24 31 20 47 39 17 16 45 36 33 15 16 15 
53 22 45 66 25 39 27 12 12 47 52 24 24 32 20 8 31 17 54 47 42 24 19 35 24 31 32 34 17 46 34 8 8 18 26 21 22 54 42 18 0 19 19 59 35 18 28 42 19 37 39 48 8 41 48 2 55 24 31 5 22 6 36 24 48 6 32 42 35 60 52 33 7 42 49 48 23 33 25 
35 35 54 54 27 34 38 26 11 38 42 6 31 14 23 22 28 31 40 32 25 13 17 38 7 38 34 17 22 43 39 16 13 29 9 22 4 46 44 24 19 0 33 46 18 32 32 51 15 28 42 29 25 41 44 20 42 7 12 23 25 23 25 15 33 24 21 31 31 50 44 33 24 24 39 44 16 33 19 
61 4 58 84 43 57 41 8 30 65 70 36 40 46 38 25 49 30 71 63 50 42 37 52 37 46 49 49 35 64 50 19 25 6 41 39 37 72 59 35 19 33 0 77 43 31 45 56 23 55 56 59 15 59 66 20 73 39 44 19 39 15 54 42 64 17 50 60 53 78 71 51 20 52 67 67 41 51 43 
51 79 62 11 43 28 57 69 48 18 14 45 51 36 46 57 35 60 10 16 49 36 42 44 45 51 42 31 48 33 49 59 53 73 38 43 43 20 43 49 59 46 77 0 49 60 45 59 60 25 44 38 66 37 29 59 5 41 40 61 45 64 24 36 15 63 28 18 31 12 17 37 61 42 15 28 37 38 36 
19 44 71 59 44 46 55 37 29 47 50 14 49 15 40 39 43 49 41 34 9 26 34 54 13 55 50 21 39 56 56 29 30 38 18 39 17 56 59 41 35 18 43 49 0 49 48 68 21 38 58 18 40 55 56 35 46 18 13 38 42 37 34 29 35 39 32 39 44 57 53 48 40 11 47 56 31 48 33 
66 34 28 64 18 35 11 27 22 44 50 37 11 43 15 12 26 2 58 51 57 31 21 23 38 17 22 42 14 38 21 25 21 32 37 18 34 49 30 13 18 32 31 60 49 0 18 26 36 37 27 59 18 32 41 17 57 35 42 16 16 20 38 29 52 16 35 43 31 58 49 26 13 54 47 42 27 25 27 
63 48 24 48 6 18 13 39 23 28 34 35 8 38 10 21 11 19 45 39 54 24 16 8 36 8 5 34 12 21 8 33 26 45 32 11 32 32 15 11 28 32 45 45 48 18 0 21 42 23 12 53 32 15 24 27 42 32 38 27 8 32 26 21 40 29 24 29 15 41 32 9 26 50 31 25 19 8 17 
83 59 4 59 25 33 16 52 41 42 47 54 21 57 28 35 29 27 61 57 74 44 35 17 56 14 20 54 30 29 13 49 42 57 52 30 52 42 18 28 42 51 56 59 68 26 21 0 59 40 16 73 43 23 33 41 57 51 58 40 27 44 44 41 57 41 43 46 32 52 44 25 38 70 46 34 38 24 37 
38 24 62 68 38 47 44 18 20 52 57 16 39 26 33 25 41 35 53 45 28 27 29 48 16 46 45 30 31 56 49 12 18 18 23 32 18 60 55 32 19 15 23 60 21 36 42 59 0 42 53 37 22 53 57 20 56 20 23 22 35 20 39 29 46 23 35 45 44 64 58 45 25 30 53 57 29 44 32 
48 57 43 30 20 10 34 47 26 12 17 28 28 24 22 33 13 36 23 18 42 16 19 24 29 29 21 18 24 20 28 38 31 52 22 20 26 20 26 25 37 28 55 25 38 37 23 40 42 0 26 36 43 21 19 36 21 23 27 38 22 41 6 14 18 40 8 7 10 25 18 16 38 36 13 19 14 17 12 
71 59 19 44 16 18 18 50 34 27 32 45 17 46 21 32 16 28 46 42 63 33 26 6 46 12 9 41 23 14 8 45 37 56 41 22 42 28 4 22 39 42 56 44 58 27 12 16 53 26 0 60 42 8 18 38 42 41 47 38 19 43 31 30 42 40 30 31 17 38 29 11 37 58 30 19 28 11 25 
14 60 76 49 49 45 62 52 39 42 43 25 55 17 47 50 45 59 29 25 14 31 40 57 24 60 54 20 47 55 60 43 42 54 24 45 26 50 61 49 48 29 59 38 18 59 53 73 37 36 60 0 54 56 53 48 35 25 18 51 48 51 31 33 26 52 31 34 44 48 47 50 52 8 41 53 36 50 37 
58 17 46 72 29 44 29 9 19 53 58 30 26 39 24 11 36 18 61 53 48 31 25 38 31 33 36 40 22 50 37 12 14 15 33 26 29 59 45 22 8 25 15 66 40 18 32 43 22 43 42 54 0 45 53 8 62 30 37 6 26 4 42 31 54 4 39 48 40 66 58 38 7 47 55 53 30 37 31 
67 61 26 37 17 12 24 52 34 20 25 43 21 42 22 35 13 32 40 36 60 30 25 10 44 17 10 37 25 7 14 45 37 58 38 22 40 21 7 24 41 41 59 37 55 32 15 23 53 21 8 56 45 0 12 40 35 38 44 41 20 45 25 27 36 42 26 25 12 31 22 9 39 54 24 12 25 9 23 
66 69 35 27 25 11 34 60 39 13 16 45 31 42 30 43 19 42 33 31 60 32 31 20 46 28 20 36 32 5 24 52 44 65 40 29 43 11 16 32 48 44 66 29 56 41 24 33 57 19 18 53 53 12 0 47 27 41 45 49 28 53 24 30 31 51 26 21 15 21 12 16 48 53 16 2 29 18 26 
53 23 44 65 24 38 26 13 12 46 52 24 22 33 19 7 30 16 54 47 43 24 18 33 25 30 31 34 16 45 33 9 8 19 27 20 23 53 41 17 2 20 20 59 35 17 27 41 20 36 38 48 8 40 47 0 55 24 31 4 21 6 36 24 48 6 32 42 34 60 52 33 6 42 48 48 23 32 25 
48 75 60 15 40 25 54 65 44 16 12 41 48 32 42 53 32 56 8 12 46 32 38 41 41 48 39 27 44 31 46 55 49 69 34 40 39 19 41 45 55 42 73 5 46 57 42 57 56 21 42 35 62 35 27 55 0 37 36 57 42 60 20 32 11 59 24 15 28 14 16 35 57 39 13 27 33 36 32 
33 40 54 49 27 30 39 31 14 34 37 6 32 9 24 26 26 34 34 26 24 9 17 37 7 38 33 11 23 40 39 21 18 35 4 22 4 42 42 25 24 7 39 41 18 35 32 51 20 23 41 25 30 38 41 24 37 0 9 27 25 28 20 12 27 29 17 26 28 45 39 31 28 21 34 40 14 31 16 
26 45 61 49 34 35 46 37 22 36 39 8 40 4 31 33 32 42 32 24 17 16 25 43 8 45 40 10 31 45 46 27 25 39 7 29 9 44 48 33 31 12 44 40 13 42 38 58 23 27 47 18 37 44 45 31 36 9 0 34 33 34 22 18 25 36 20 28 33 46 42 37 35 13 36 44 21 37 23 
56 22 43 67 25 40 25 13 15 48 53 27 22 36 20 7 31 15 57 49 46 27 20 34 28 29 31 37 17 46 33 12 11 18 30 21 26 54 41 17 5 23 19 61 38 16 27 40 22 38 38 51 6 41 49 4 57 27 34 0 21 6 38 26 50 3 34 44 36 62 54 33 3 45 50 49 25 32 27 
57 42 30 49 4 20 15 33 16 30 35 29 8 32 3 16 11 16 43 37 48 19 9 14 30 14 12 29 5 25 15 27 19 38 26 5 26 35 21 5 22 25 39 45 42 16 8 27 35 22 19 48 26 20 28 21 42 25 33 21 0 26 24 16 37 23 21 28 16 43 34 13 20 44 32 29 14 12 13 
55 18 47 70 29 43 30 9 17 51 57 27 27 36 24 11 35 19 59 51 45 29 24 38 28 34 36 38 21 50 37 9 12 14 30 25 26 58 45 22 6 23 15 64 37 20 32 44 20 41 43 51 4 45 53 6 60 28 34 6 26 0 41 29 52 4 37 47 39 65 57 38 8 45 53 53 28 37 30 
43 56 47 31 23 15 37 46 25 15 19 25 31 20 24 34 16 38 21 14 37 13 19 28 25 33 25 14 25 25 32 36 30 51 18 21 22 23 31 27 36 25 54 24 34 38 26 44 39 6 31 31 42 25 24 36 20 20 22 38 24 41 0 13 15 40 5 7 14 27 21 21 38 31 15 23 14 21 13 
43 44 44 43 17 20 30 35 13 25 30 17 24 17 15 23 15 29 31 24 34 4 9 26 18 28 23 14 16 29 29 25 18 39 12 13 14 33 31 18 24 15 42 36 29 29 21 41 29 14 30 33 31 27 30 24 32 12 18 26 16 29 13 0 25 28 9 19 17 38 31 20 27 30 26 30 4 20 5 
38 66 60 25 36 25 51 57 36 19 19 31 44 22 37 46 30 52 8 2 36 24 32 41 31 46 38 17 39 34 45 47 41 61 25 35 30 26 42 40 48 33 64 15 35 52 40 57 46 18 42 26 54 36 31 48 11 27 25 50 37 52 15 25 0 52 18 12 26 23 23 33 51 28 17 30 27 34 26 
57 20 44 69 27 42 26 12 17 50 55 29 24 37 22 9 33 15 59 51 47 29 22 35 29 31 33 38 19 48 34 12 12 17 31 23 27 56 43 19 6 24 17 63 39 16 29 41 23 40 40 52 4 42 51 6 59 29 36 3 23 4 40 28 52 0 36 46 38 64 56 35 4 46 52 51 27 34 29 
42 52 46 35 21 16 35 43 21 18 22 21 28 18 21 30 15 35 24 17 35 10 16 27 22 31 24 12 22 26 31 33 26 47 15 18 19 26 31 24 32 21 50 28 32 35 24 43 35 8 30 31 39 26 26 32 24 17 20 34 21 37 5 9 18 36 0 11 14 30 24 20 35 30 19 25 10 21 10 
46 62 49 25 26 14 40 53 31 10 13 31 34 25 29 39 19 43 17 12 41 20 25 29 31 35 27 18 30 23 34 43 36 57 24 26 28 18 31 31 42 31 60 18 39 43 29 46 45 7 31 34 48 25 21 42 15 26 28 44 28 47 7 19 12 46 11 0 15 20 15 22 44 35 9 20 20 23 18 
55 56 35 34 14 5 27 46 26 14 20 32 21 31 18 30 6 31 31 26 48 19 17 15 33 21 13 26 20 14 20 38 30 51 27 16 29 20 17 20 35 31 53 31 44 31 15 32 44 10 17 44 40 12 15 34 28 28 33 36 16 39 14 17 26 38 14 15 0 28 19 8 35 43 17 15 15 9 13 
60 81 55 7 40 24 52 71 50 15 9 50 48 43 44 56 33 58 21 24 58 39 42 39 50 46 38 37 46 25 43 62 54 76 43 42 48 11 36 47 60 50 78 12 57 58 41 52 64 25 38 48 66 31 21 60 14 45 46 62 43 65 27 38 23 64 30 20 28 0 10 33 61 51 13 20 38 34 36 
59 73 46 16 32 15 44 64 42 7 5 44 39 39 36 48 24 49 23 23 55 32 34 30 45 37 29 33 38 17 34 55 47 68 38 34 42 4 27 39 52 44 71 17 53 49 32 44 58 18 29 47 58 22 12 52 16 39 42 54 34 57 21 31 23 56 24 15 19 10 0 24 53 48 7 12 31 25 29 
61 54 28 39 10 11 20 45 26 21 26 36 16 36 15 28 6 26 38 33 53 23 17 8 37 15 6 31 17 13 13 38 30 50 31 14 33 24 12 17 33 33 51 37 48 26 9 25 45 16 11 50 38 9 16 33 35 31 37 33 13 38 21 20 33 35 20 22 8 33 24 0 32 48 24 17 18 2 16 
58 23 41 67 24 39 23 15 16 48 53 29 20 37 19 6 30 12 57 50 48 27 20 32 30 27 30 37 16 45 31 14 12 20 31 20 27 54 39 16 7 24 20 61 40 13 26 38 25 38 37 52 7 39 48 6 57 28 35 3 20 8 38 27 51 4 35 44 35 61 53 32 0 47 50 48 25 31 27 
14 53 73 52 46 44 58 46 33 43 45 19 52 14 43 45 43 54 33 28 8 27 36 55 18 57 51 18 43 54 57 37 36 47 19 41 21 51 59 45 42 24 52 42 11 54 50 70 30 36 58 8 47 54 53 42 39 21 13 45 44 45 31 30 28 46 30 35 43 51 48 48 47 0 42 53 32 48 34 
53 69 48 18 30 14 43 60 38 4 4 39 38 33 33 45 22 47 18 17 49 27 31 30 39 37 28 27 35 19 35 50 43 64 32 31 37 10 29 36 49 39 67 15 47 47 31 46 53 13 30 41 55 24 16 48 13 34 36 50 32 53 15 26 17 52 19 9 17 13 7 24 50 42 0 15 27 25 25 
65 69 36 26 25 11 35 60 40 12 15 45 31 42 30 43 19 42 32 31 59 32 31 21 46 28 20 36 33 6 25 52 44 65 39 29 42 10 17 33 48 44 67 28 56 42 25 34 57 19 19 53 53 12 2 48 27 40 44 49 29 53 23 30 30 51 25 20 15 20 12 17 48 53 15 0 29 18 26 
45 44 42 43 14 19 28 34 12 25 30 19 21 20 13 21 13 26 33 26 37 6 7 24 20 26 20 17 13 28 26 25 17 39 14 10 16 32 29 15 23 16 41 37 31 27 19 38 29 14 28 36 30 25 29 23 33 14 21 25 14 28 14 4 27 27 10 20 15 38 31 18 25 32 27 29 0 18 4 
61 53 27 41 9 12 19 44 25 22 27 35 15 36 14 27 6 25 39 34 53 23 17 8 36 14 5 31 16 14 12 37 29 49 31 13 32 25 12 16 33 33 51 38 48 25 8 24 44 17 11 50 37 9 18 32 36 31 37 32 12 37 21 20 34 34 21 23 9 34 25 2 31 48 25 18 18 0 16 
47 46 40 41 13 16 27 36 15 23 28 21 20 21 13 22 11 27 32 25 39 8 8 22 22 24 18 18 14 25 24 27 19 41 17 10 18 30 27 15 25 19 43 36 33 27 17 37 32 12 25 37 31 23 26 25 32 16 23 27 13 30 13 5 26 29 10 18 13 36 29 16 27 34 25 26 4 16 0 
