4 1000 79 
1000 1000 1000 1000 
15 451 38 508
23 1075 39 1110
75 1026 13 1074
18 816 17 858
37 1026 55 1091
56 425 12 479
24 1063 58 1115
18 456 24 511
20 780 51 849
58 885 62 909
29 728 66 796
15 463 60 547
65 480 24 532
74 539 27 615
41 770 34 851
41 1079 50 1165
59 652 40 728
55 593 39 660
43 689 5 743
21 810 42 851
29 734 52 786
33 422 42 485
12 470 40 481
60 431 71 512
52 586 49 637
41 958 20 1032
48 1062 17 1117
23 649 62 723
17 532 41 595
74 1035 43 1109
31 815 38 850
36 742 14 783
50 588 16 659
16 1064 36 1117
38 758 30 819
41 916 31 976
64 684 5 720
70 440 62 470
30 900 8 947
74 596 12 659
72 811 66 862
60 506 5 534
70 849 6 875
36 646 21 699
61 1047 12 1078
55 865 51 931
17 926 26 980
54 746 57 793
40 530 33 595
62 980 60 1076
59 425 49 471
47 579 61 647
49 479 64 516
38 1025 68 1096
30 444 36 490
36 833 8 892
32 469 12 529
24 621 59 675
22 691 4 735
39 1022 4 1071
60 684 44 743
62 657 25 724
60 489 8 539
65 1067 76 1140
16 422 26 479
65 1041 67 1100
34 686 36 729
76 1018 25 1080
67 523 28 575
75 695 43 743
71 1072 41 1084
41 850 5 915
41 442 45 486
49 523 45 557
62 453 59 506
6 1076 36 1142
74 702 47 728
29 823 23 866
26 470 36 518
40 962 51 1004
29 720 27 748
21 598 25 624
59 948 25 1025
25 466 64 523
78 996 58 1059
69 688 48 731
17 785 37 846
75 990 15 1040
25 428 4 481
37 999 68 1048
55 1014 10 1051
46 855 73 912
31 579 52 642
60 456 58 521
47 1032 66 1082
29 450 77 490
45 1054 62 1103
46 976 23 1027
16 860 67 928
70 1065 48 1146
6 853 28 920
68 1029 17 1071
24 511 22 563
24 676 61 712
61 1064 12 1097
16 763 12 817
60 598 54 657
52 472 74 508
17 456 6 554
78 1055 58 1145
62 884 70 910
60 446 75 487
47 925 31 974
75 725 31 754
10 987 53 1050
63 858 65 905
24 579 58 615
61 1068 25 1119
6 469 45 509
27 828 15 864
25 868 49 918
8 466 25 540
20 963 14 1034
16 430 38 478
37 482 46 530
33 1018 53 1040
27 1022 39 1059
34 812 13 887
5 1007 41 1064
65 1013 36 1092
30 459 48 503
48 1061 36 1114
31 763 40 849
55 654 15 730
60 1029 37 1084
52 459 27 519
58 446 4 535
19 830 69 887
6 420 20 502
71 995 24 1010
19 716 61 751
7 421 77 508
73 701 72 766
4 1067 22 1098
19 734 34 775
67 794 69 848
26 863 71 900
25 660 61 709
56 823 68 869
39 752 26 804
64 500 6 558
52 1056 27 1101
9 938 34 1022
48 758 27 788
12 800 77 874
60 753 62 847
57 458 16 500
13 590 24 612
23 922 24 976
73 453 43 517
59 879 23 940
26 515 7 566
53 1040 38 1085
68 436 16 493
28 798 29 865
51 594 49 625
41 569 22 628
45 421 40 475
28 829 41 905
27 759 35 785
10 689 52 763
4 437 48 466
63 973 37 1009
21 1072 43 1132
70 570 56 664
27 869 61 918
52 439 5 459
72 614 68 648
47 579 34 618
21 796 45 847
38 1049 77 1085
15 702 35 740
70 456 32 545
39 532 6 591
76 1061 55 1089
64 1057 59 1103
39 1055 57 1129
52 913 64 964
65 856 61 897
16 1006 10 1054
52 1022 43 1075
62 1033 13 1081
15 858 21 911
34 618 75 689
15 902 36 948
73 1069 46 1099
29 455 36 534
34 922 50 968
5 936 56 988
53 485 62 575
18 609 19 652
67 439 72 487
12 540 42 568
41 712 50 774
61 690 14 745
19 1028 69 1101
10 1038 77 1097
77 916 65 946
75 1022 71 1075
9 441 61 516
54 422 75 463
26 460 69 472
61 746 29 778
28 1037 35 1111
64 986 48 1039
41 1038 71 1059
33 1017 29 1101
71 487 65 521
39 976 37 1034
6 960 64 1017
44 1023 19 1085
43 1060 45 1092
36 562 4 609
45 937 67 989
6 827 25 889
52 910 63 969
65 458 35 507
47 885 77 953
6 508 53 567
55 935 48 976
37 663 48 698
30 912 58 962
46 1067 44 1108
57 879 37 934
41 623 37 662
64 676 63 718
60 642 16 696
40 962 75 1021
63 441 43 494
22 986 74 1009
49 1038 15 1098
43 766 38 810
39 926 75 990
21 917 31 965
16 1053 36 1129
27 1075 13 1120
60 464 50 518
55 865 14 948
66 791 78 897
66 889 14 977
46 432 63 482
43 769 78 831
34 431 37 503
29 765 72 819
10 993 77 1067
73 886 32 928
8 1042 55 1076
43 773 71 844
36 863 42 909
55 553 63 625
64 769 56 840
8 1078 11 1110
34 707 35 760
7 784 49 824
22 890 48 913
67 792 53 830
24 471 48 535
72 642 43 681
31 994 21 1065
56 592 15 662
8 1055 65 1093
48 618 35 657
72 1075 13 1133
77 935 11 976
46 996 4 1072
21 580 74 612
5 889 49 947
39 444 50 487
48 1037 34 1092
14 664 17 708
5 1071 50 1127
66 621 48 696
57 1021 65 1061
9 529 69 587
27 1010 19 1097
55 443 66 501
24 425 12 466
73 1062 31 1139
25 1004 63 1062
30 509 69 545
67 841 41 913
57 689 39 753
63 557 52 602
37 600 45 629
67 891 74 929
30 935 52 971
33 731 19 783
60 943 58 1017
26 1065 51 1120
36 648 20 678
65 780 66 824
78 691 13 754
14 465 48 509
11 930 51 984
15 593 68 646
73 550 59 619
66 435 28 494
27 605 48 662
7 744 13 807
32 1046 18 1099
70 423 29 472
72 1079 71 1131
16 458 32 531
47 1018 24 1073
49 1079 47 1129
70 1052 29 1077
68 1072 44 1118
30 611 29 658
44 490 47 540
70 930 54 1005
18 480 32 522
10 931 8 989
23 516 43 591
72 692 66 757
20 999 35 1064
23 491 27 540
8 503 40 561
26 870 33 930
32 891 9 987
36 1007 45 1077
61 879 60 937
52 993 39 1048
37 493 16 524
45 1079 12 1161
38 460 11 523
28 474 54 531
7 659 15 714
46 1035 41 1113
20 458 47 503
37 619 19 655
75 873 67 912
21 1010 30 1044
35 886 71 930
9 482 53 546
71 463 38 494
22 933 40 973
75 553 65 576
35 820 18 877
30 976 36 1018
16 944 62 1020
58 1055 7 1133
69 1025 41 1074
65 967 9 1030
45 478 48 524
48 708 75 759
67 1068 70 1151
68 812 70 876
46 532 68 589
12 901 78 934
52 732 72 793
69 1061 17 1114
44 765 11 804
6 809 16 849
5 855 4 877
15 444 4 524
35 782 7 861
32 991 73 1013
34 965 7 994
72 967 21 1018
61 533 21 554
9 518 34 607
78 936 76 1007
62 478 61 544
53 1040 66 1104
15 1054 22 1124
24 888 57 944
14 919 35 971
78 494 9 557
39 844 14 890
8 494 73 575
64 983 44 1029
45 611 15 656
70 989 57 1063
66 433 54 458
71 822 45 860
76 429 50 474
69 767 24 802
17 531 75 614
30 983 7 1029
46 679 71 742
53 1041 51 1094
46 503 58 567
66 960 44 1053
7 825 68 838
51 475 27 503
37 559 57 612
8 421 43 466
41 1074 15 1121
33 521 36 561
60 1029 39 1089
29 347 29 611
49 907 49 1112
38 470 38 768
60 435 60 682
33 308 33 605
74 813 74 1077
45 610 45 891
13 1031 13 1321
68 976 68 1176
39 893 39 1170
49 727 49 926
28 396 28 622
31 739 31 999
48 490 48 690
13 907 13 1100
12 1056 12 1318
47 551 47 822
68 891 68 1128
44 536 44 725
54 1039 54 1315
74 1001 74 1287
25 921 25 1214
31 989 31 1248
54 885 54 1107
26 738 26 936
57 715 57 915
43 751 43 960
69 353 69 568
10 872 10 1081
33 954 33 1206
50 593 50 831
61 918 61 1152
25 1163 25 1353
14 1191 14 1449
65 969 65 1263
10 536 10 752
12 604 12 787
16 1193 16 1489
7 793 7 1029
11 999 11 1227
20 413 20 593
49 1059 49 1259
65 852 65 1066
17 1052 17 1241
19 575 19 773
7 431 7 715
50 899 50 1188
20 456 20 703
20 1104 20 1334
62 1028 62 1215
58 387 58 576
53 802 53 1008
41 456 41 685
24 1153 24 1372
69 595 69 798
57 694 57 966
74 736 74 917
78 338 78 574
39 430 39 712
37 409 37 608
5 499 5 752
54 662 54 860
76 960 76 1257
39 1180 39 1388
61 793 61 1067
16 467 16 739
22 720 22 998
7 716 7 903
63 517 63 758
64 562 64 743
20 1123 20 1399
32 856 32 1055
20 551 20 808
74 454 74 706
44 974 44 1185
23 602 23 810
43 936 43 1222
72 428 72 703
28 756 28 1038
7 476 7 772
59 398 59 688
13 478 13 686
77 707 77 914
13 323 13 555
12 951 12 1212
51 1093 51 1321
78 1071 78 1365
40 566 40 800
36 521 36 724
25 853 25 1115
29 542 29 773
42 320 42 549
36 704 36 917
67 311 67 608
49 423 49 705
10 709 10 929
7 386 7 594
30 398 30 656
12 665 12 887
26 864 26 1139
77 1085 77 1295
8 480 8 778
38 431 38 701
76 910 76 1116
42 710 42 898
45 1092 45 1383
39 1183 39 1395
71 1182 71 1470
59 937 59 1203
22 617 22 850
56 496 56 695
4 1088 4 1358
5 616 5 854
63 677 63 940
57 1189 57 1444
59 304 59 598
13 926 13 1112
70 432 70 724
77 599 77 785
57 881 57 1176
46 618 46 879
56 1089 56 1330
64 491 64 785
71 764 71 1034
14 949 14 1211
69 1159 69 1409
74 406 74 660
24 987 24 1285
69 565 69 850
23 973 23 1259
65 802 65 1083
31 607 31 875
15 695 15 958
71 547 71 814
45 878 45 1068
13 857 13 1128
74 951 74 1199
65 477 65 679
60 405 60 697
61 893 61 1118
63 327 63 555
47 1178 47 1365
38 477 38 658
72 704 72 979
67 751 67 933
27 515 27 800
46 743 46 1000
78 432 78 667
64 461 64 743
17 850 17 1056
33 808 33 1000
23 307 23 534
19 1158 19 1356
35 406 35 593
51 951 51 1153
53 1169 53 1374
40 1152 40 1444
20 524 20 719
33 852 33 1140
19 740 19 954
53 718 53 1009
66 336 66 622
59 1145 59 1334
77 537 77 789
78 574 78 770
63 779 63 959
23 360 23 551
16 872 16 1165
18 678 18 871
31 860 31 1136
25 750 25 964
10 450 10 680
32 719 32 1015
45 1159 45 1355
9 727 9 1014
50 964 50 1233
29 950 29 1236
49 485 49 676
38 1023 38 1313
37 528 37 739
36 968 36 1183
69 323 69 561
13 481 13 751
5 623 5 833
42 1010 42 1253
53 1123 53 1337
16 663 16 941
57 437 57 628
13 642 13 876
63 492 63 791
36 1018 36 1303
75 1026 75 1230
75 842 75 1067
66 486 66 765
35 532 35 777
4 942 4 1187
22 675 22 920
32 560 32 859
17 1196 17 1465
39 760 39 1013
21 314 21 582
60 626 60 905
35 1177 35 1449
72 445 72 633
26 379 26 567
66 1152 66 1408
26 379 26 588
23 619 23 826
29 314 29 557
76 494 76 725
43 428 43 712
60 865 60 1053
5 1055 5 1301
35 343 35 552
74 875 74 1131
22 598 22 878
27 441 27 639
77 324 77 611
25 568 25 848
7 774 7 1022
27 1095 27 1357
30 778 30 1054
12 1167 12 1408
72 693 72 910
63 304 63 536
24 803 24 1096
30 734 30 939
28 1031 28 1291
56 1054 56 1331
23 1102 23 1319
66 787 66 992
39 1197 39 1478
56 1023 56 1291
33 1162 33 1360
23 951 23 1244
36 386 36 632
23 680 23 970
58 502 58 682
15 481 15 674
45 470 45 731
26 761 26 1025
73 459 73 653
7 610 7 878
14 536 14 768
44 702 44 1001
31 1046 31 1328
58 1010 58 1195
35 696 35 986
15 939 15 1224
9 1074 9 1261
24 565 24 776
73 959 73 1194
8 1119 8 1329
40 733 40 1023
42 977 42 1192
66 767 66 1022
78 861 78 1123
78 1056 78 1236
59 984 59 1273
12 959 12 1203
20 812 20 1030
56 709 56 897
76 556 76 750
26 851 26 1106
20 837 20 1130
39 361 39 582
46 954 46 1234
17 1050 17 1291
71 446 71 661
47 803 47 1070
19 881 19 1137
62 617 62 820
39 454 39 671
60 923 60 1151
67 662 67 901
32 789 32 1081
58 1020 58 1310
9 461 9 747
10 705 10 951
48 801 48 1099
53 1109 53 1329
27 357 27 577
22 1074 22 1261
48 1033 48 1230
40 1026 40 1261
64 543 64 752
9 1006 9 1241
16 574 16 810
57 552 57 829
65 1061 65 1309
14 944 14 1229
4 854 4 1040
21 347 21 609
23 1130 23 1329
67 516 67 805
40 306 40 523
15 409 15 644
32 863 32 1126
47 439 47 662
10 304 10 553
67 1161 67 1440
34 1012 34 1262
26 330 26 543
43 1148 43 1338
28 882 28 1133
42 1056 42 1281
25 562 25 793
26 1182 26 1409
54 887 54 1173
9 458 9 714
20 465 20 651
45 828 45 1122
36 990 36 1219
36 392 36 687
77 1079 77 1299
31 1190 31 1456
61 996 61 1265
27 771 27 1033
25 566 25 864
38 371 38 654
71 745 71 989
33 877 33 1066
38 339 38 568
60 1001 60 1219
6 968 6 1214
25 307 25 554
55 367 55 629
24 441 24 710
45 895 45 1098
48 754 48 972
5 743 5 948
8 449 8 707
76 873 76 1127
47 921 47 1173
38 665 38 962
10 490 10 770
34 1040 34 1265
14 1014 14 1290
31 1000 31 1218
11 1193 11 1403
43 441 43 670
52 1058 52 1238
52 538 52 812
44 774 44 1031
45 931 45 1201
4 916 4 1140
71 504 71 721
31 1184 31 1461
50 689 50 908
6 825 6 1069
28 614 28 894
20 898 20 1130
38 305 38 549
5 685 5 948
69 610 69 791
42 559 42 830
70 562 70 847
65 445 65 708
44 513 44 773
56 625 56 879
11 766 11 1062
24 645 24 869
51 989 51 1283
59 1187 59 1450
78 705 78 896
68 795 68 1057
66 342 66 641
5 368 5 639
6 653 6 932
69 366 69 601
17 958 17 1256
6 1041 6 1230
68 663 68 864
34 573 34 852
24 735 24 944
16 988 16 1275
57 611 57 877
31 332 31 622
21 873 21 1105
42 823 42 1122
75 1093 75 1304
78 809 78 1001
67 1082 67 1274
55 482 55 737
62 1159 62 1394
30 816 30 1041
37 972 37 1245
23 1096 23 1390
48 747 48 948
71 1156 71 1399
15 613 15 909
44 414 44 670
36 418 36 608
35 1186 35 1480
45 1193 45 1399
31 740 31 1033
40 483 40 755
23 1100 23 1383
36 668 36 913
21 910 21 1100
14 867 14 1076
45 1187 45 1396
10 470 10 707
63 870 63 1117
48 870 48 1133
39 371 39 655
19 865 19 1093
18 611 18 840
75 1098 75 1303
25 432 25 675
11 1131 11 1351
76 1129 76 1393
43 359 43 606
38 647 38 940
21 586 21 816
44 933 44 1210
13 560 13 748
6 1154 6 1371
52 453 52 722
68 817 68 1052
63 886 63 1098
16 460 16 700
61 1064 61 1245
71 372 71 596
40 687 40 929
58 941 58 1125
35 315 35 604
73 1055 73 1278
32 989 32 1208
25 909 25 1148
8 1184 8 1419
65 1096 65 1313
22 765 22 1009
30 1194 30 1395
10 443 10 688
20 521 20 750
59 488 59 730
48 701 48 908
30 332 30 579
33 338 33 623
61 601 61 861
13 450 13 720
47 657 47 914
62 772 62 1059
55 341 55 561
60 1054 60 1326
77 629 77 853
69 973 69 1185
60 1163 60 1350
9 901 9 1150
16 1065 16 1350
66 488 66 753
56 766 56 1065
44 1138 44 1331
4 749 4 1020
5 531 5 747
44 786 44 1056
22 839 22 1065
8 379 8 630
64 877 64 1071
60 1105 60 1357
65 619 65 874
78 329 78 571
34 990 34 1274
24 1172 24 1399
12 491 12 708
28 349 28 629
34 957 34 1208
49 1142 49 1405
57 821 57 1066
74 459 74 736
73 303 73 524
51 331 51 597
19 455 19 733
26 715 26 942
38 627 38 816
13 865 13 1055
59 1108 59 1336
37 380 37 659
36 1011 36 1301
55 1068 55 1281
23 1147 23 1402
55 492 55 785
45 915 45 1184
74 1053 74 1255
52 424 52 715
5 422 5 658
77 826 77 1064
15 1067 15 1259
42 504 42 784
54 1162 54 1378
17 872 17 1090
35 521 35 786
26 948 26 1178
48 717 48 954
42 639 42 906
18 815 18 1057
53 413 53 712
57 933 57 1190
4 974 4 1250
27 884 27 1071
20 996 20 1238
49 807 49 1073
56 491 56 746
13 689 13 980
74 966 74 1255
60 653 60 947
12 1014 12 1203
46 696 46 880
55 1088 55 1269
39 339 39 581
31 1111 31 1393
9 832 9 1125
6 720 6 949
53 627 53 924
4 930 4 1117
27 865 27 1077
4 515 4 700
13 916 13 1185
60 438 60 667
68 481 68 717
39 427 39 657
9 998 9 1266
7 998 7 1272
26 1038 26 1242
30 982 30 1207
53 893 53 1102
28 552 28 843
25 927 25 1125
49 325 49 577
74 745 74 1012
25 1016 25 1237
14 865 14 1137
66 1059 66 1260
5 584 5 843
25 1110 25 1391
30 358 30 538
52 573 52 806
24 859 24 1065
36 1082 36 1327
30 843 30 1114
52 654 52 934
45 385 45 619
28 396 28 692
72 1031 72 1278
8 1089 8 1369
31 1120 31 1389
40 755 40 1041
31 1012 31 1226
78 356 78 556
32 438 32 719
17 439 17 672
52 668 52 880
12 1108 12 1348
62 797 62 1040
26 975 26 1222
54 945 54 1203
43 847 43 1090
18 816 18 1058
52 573 52 843
60 823 60 1009
67 910 67 1102
69 783 69 1003
4 592 4 810
15 767 15 961
59 468 59 682
58 1041 58 1253
71 544 71 750
43 590 43 789
27 840 27 1131
9 1145 9 1432
23 554 23 785
60 356 60 603
41 1190 41 1454
30 1007 30 1293
59 840 59 1024
16 647 16 871
65 985 65 1181
68 737 68 998
21 596 21 823
28 488 28 781
57 1137 57 1412
53 870 53 1167
68 1104 68 1318
38 309 38 515
6 301 6 551
6 426 6 707
22 317 22 530
25 1008 25 1287
78 513 78 745
36 492 36 735
10 506 10 756
53 1191 53 1441
78 484 78 695
19 406 19 693
52 721 52 967
47 417 47 632
47 344 47 533
45 1163 45 1355
67 685 67 951
0 61 86 61 69 59 11 65 40 16 63 53 50 17 62 32 43 75 70 65 64 43 69 65 29 51 44 44 70 28 57 54 68 76 79 50 66 39 30 63 48 27 35 52 53 36 54 70 54 34 73 26 58 61 51 64 68 68 14 25 70 46 6 34 30 36 57 61 63 43 10 27 37 61 68 38 74 18 62 
61 0 61 86 50 46 56 41 29 46 21 37 67 47 76 61 31 60 44 34 48 53 62 67 51 67 64 66 38 61 48 12 65 57 54 69 67 33 34 71 66 44 60 20 67 28 73 42 57 36 62 56 51 53 20 38 68 35 55 39 49 49 61 57 41 35 7 54 45 61 56 50 41 64 54 33 48 47 74 
86 61 0 61 18 28 76 24 52 74 41 36 49 71 47 61 47 14 19 29 23 46 24 34 59 49 52 55 24 64 30 53 28 12 9 51 33 50 62 40 50 60 57 47 46 59 51 21 37 55 19 63 30 28 48 26 31 27 73 66 17 42 82 56 58 53 57 27 24 51 77 61 50 35 20 52 15 70 44 
61 86 61 0 51 46 53 56 59 61 72 52 20 56 15 32 56 48 58 62 49 34 38 29 41 20 24 22 64 35 43 75 34 51 59 18 29 55 59 22 21 49 31 67 20 63 14 60 32 54 43 39 41 40 67 58 31 65 51 58 53 38 56 33 50 54 80 40 51 27 54 44 47 28 46 56 59 55 18 
69 50 18 51 0 11 59 9 36 57 30 19 36 54 38 45 31 11 9 17 6 29 16 24 42 36 37 40 15 48 14 40 20 9 11 38 24 34 45 30 37 43 41 33 34 42 39 11 22 38 14 46 14 13 34 13 23 18 56 49 3 25 65 40 40 36 45 13 8 36 60 44 33 24 7 35 9 53 35 
59 46 28 46 11 0 49 11 28 48 29 12 29 45 34 36 23 18 14 17 6 20 17 22 32 29 29 32 19 39 5 36 19 18 21 31 22 25 36 27 29 33 32 28 27 35 33 15 15 29 18 37 7 8 28 13 22 20 46 40 12 16 56 31 31 27 41 9 6 27 50 34 23 20 11 27 17 44 31 
11 56 76 53 59 49 0 56 32 12 55 43 40 10 52 23 35 65 60 55 54 33 59 55 19 41 34 34 61 19 46 48 57 65 69 41 56 31 23 53 38 18 25 44 43 30 45 60 44 25 63 16 48 50 43 55 58 59 4 18 60 35 8 24 21 28 51 51 53 33 2 16 28 50 58 29 64 10 53 
65 41 24 56 9 11 56 0 30 53 22 14 39 50 43 45 25 20 6 9 8 29 23 31 40 39 39 42 9 47 15 32 27 17 16 41 30 28 40 36 39 39 41 25 37 36 43 6 25 33 22 45 16 17 26 5 30 10 53 44 8 25 62 40 36 31 37 17 6 37 57 41 29 29 14 30 10 49 40 
40 29 52 59 36 28 32 30 0 26 23 18 41 24 51 33 6 45 34 26 32 26 43 45 23 41 36 39 32 33 28 18 44 44 44 42 45 6 12 47 40 17 32 13 41 8 47 33 33 9 45 28 30 33 12 27 47 30 30 17 36 23 38 29 14 7 23 34 29 34 33 23 13 41 38 5 39 24 50 
16 46 74 61 57 48 12 53 26 0 48 40 46 6 58 30 30 65 58 51 53 35 60 58 22 46 40 41 56 27 46 40 60 65 67 47 59 26 15 57 44 16 31 37 48 22 51 57 46 21 64 22 48 51 36 51 61 55 12 10 58 36 16 29 18 23 42 51 51 38 12 19 26 53 58 24 62 7 58 
63 21 41 72 30 29 55 22 23 48 0 21 54 47 61 53 22 41 24 14 29 40 44 50 44 53 51 54 18 53 31 14 47 38 34 55 50 26 34 54 53 39 50 12 53 27 59 22 41 31 43 49 34 36 13 18 50 15 53 39 29 35 61 47 36 29 17 36 26 49 56 44 32 47 35 27 28 46 58 
53 37 36 52 19 12 43 14 18 40 21 0 34 37 41 35 13 28 19 14 15 20 28 31 28 33 32 35 19 36 12 26 30 27 28 35 32 16 27 35 33 26 32 18 33 24 39 18 21 21 29 33 15 18 18 13 32 18 40 31 19 16 50 29 24 18 31 19 12 29 44 29 17 28 21 17 23 36 39 
50 67 49 20 36 29 40 39 41 46 54 34 0 41 13 19 38 36 42 45 33 16 26 18 25 2 7 8 47 23 26 56 23 38 45 3 20 36 42 14 3 32 16 48 4 45 7 44 15 36 32 25 24 24 48 41 22 48 38 42 38 20 45 18 33 36 61 24 34 9 42 28 29 16 32 37 44 40 13 
17 47 71 56 54 45 10 50 24 6 47 37 41 0 53 25 27 61 55 49 49 31 56 53 17 42 35 36 54 22 42 39 55 61 64 42 54 23 14 52 40 12 27 36 43 21 47 54 42 18 60 18 44 47 35 48 56 52 9 9 55 32 15 25 14 21 42 47 48 33 10 15 22 49 54 22 59 2 53 
62 76 47 15 38 34 52 43 51 58 61 41 13 53 0 31 48 34 45 50 36 26 24 15 37 13 19 19 51 35 31 65 21 37 45 13 16 47 54 9 15 44 28 57 11 56 9 47 21 47 29 37 28 27 57 46 18 52 50 54 40 29 57 30 45 46 70 27 38 21 53 40 40 15 32 48 45 52 4 
32 61 61 32 45 36 23 45 33 30 53 35 19 25 31 0 33 49 49 48 41 17 41 35 12 20 13 13 52 5 32 51 39 50 55 19 36 29 30 32 17 19 5 44 22 35 23 50 26 26 45 8 32 34 43 46 38 51 20 28 47 21 27 6 22 27 55 35 41 12 24 13 22 31 43 29 52 24 32 
43 31 47 56 31 23 35 25 6 30 22 13 38 27 48 33 0 40 30 22 27 23 39 41 23 38 34 37 28 33 23 20 40 39 39 39 41 5 16 43 37 19 31 13 38 12 44 29 29 10 40 28 26 29 12 23 42 26 32 20 31 20 41 28 15 8 25 29 24 31 36 23 12 37 33 6 34 27 46 
75 60 14 48 11 18 65 20 45 65 41 28 36 61 34 49 40 0 18 27 15 34 11 20 47 35 39 41 25 52 20 50 15 5 12 37 19 42 54 27 37 50 45 43 33 52 38 20 24 47 6 51 18 16 44 23 18 27 62 57 12 31 71 44 48 44 55 15 17 38 66 50 40 22 8 44 15 60 31 
70 44 19 58 9 14 60 6 34 58 24 19 42 55 45 49 30 18 0 11 10 34 24 32 44 42 43 46 8 51 18 35 27 15 12 44 32 33 44 38 43 44 46 28 40 40 46 3 28 38 22 49 19 19 30 8 31 10 58 48 7 29 67 44 41 35 40 20 10 41 61 46 34 31 15 35 6 54 42 
65 34 29 62 17 17 55 9 26 51 14 14 45 49 50 48 22 27 11 0 16 33 31 38 41 44 44 47 7 49 20 25 34 25 21 46 38 26 37 43 45 39 45 19 43 32 49 9 31 32 30 46 23 24 20 5 38 5 53 42 16 28 62 43 36 29 30 25 13 41 57 42 29 36 22 28 16 48 47 
64 48 23 49 6 6 54 8 32 53 29 15 33 49 36 41 27 15 10 16 0 25 16 23 37 32 34 37 16 43 9 37 19 13 16 34 23 29 41 29 33 38 37 30 31 38 37 12 19 34 16 42 10 10 30 12 23 18 51 44 7 21 61 36 36 31 43 10 4 32 55 39 28 22 8 31 12 48 33 
43 53 46 34 29 20 33 29 26 35 40 20 16 31 26 17 23 34 34 33 25 0 27 23 15 16 12 15 36 20 17 41 26 35 39 17 24 21 28 23 15 20 13 34 16 31 22 34 12 22 31 18 17 19 33 30 27 37 30 29 31 6 39 12 20 21 47 19 25 10 34 18 14 19 27 23 36 30 25 
69 62 24 38 16 17 59 23 43 60 44 28 26 56 24 41 39 11 24 31 16 27 0 10 41 26 30 32 30 44 17 52 5 14 22 28 10 40 50 17 28 45 37 44 23 50 28 26 16 43 6 44 14 11 45 27 8 32 56 53 18 25 65 36 43 41 57 10 19 29 60 43 36 12 10 42 23 55 21 
65 67 34 29 24 22 55 31 45 58 50 31 18 53 15 35 41 20 32 38 23 23 10 0 38 18 23 25 38 38 20 56 7 24 31 19 2 41 50 7 20 43 31 48 15 51 19 34 13 43 15 39 17 15 48 34 5 40 52 51 26 23 60 32 42 41 62 14 26 24 56 40 35 5 19 42 32 52 12 
29 51 59 41 42 32 19 40 23 22 44 28 25 17 37 12 23 47 44 41 37 15 41 38 0 26 19 21 46 11 29 41 40 48 52 26 39 19 20 36 24 9 12 35 27 25 31 44 26 16 45 6 30 33 34 40 41 45 16 18 43 18 25 9 11 17 45 33 36 17 20 4 13 33 41 19 48 16 37 
51 67 49 20 36 29 41 39 41 46 53 33 2 42 13 20 38 35 42 44 32 16 26 18 26 0 8 8 47 23 25 56 23 38 44 3 19 36 42 14 3 32 17 48 4 45 7 43 15 36 31 26 23 24 48 41 22 47 38 42 37 19 46 18 33 36 61 24 34 10 42 28 29 15 31 37 43 41 13 
44 64 52 24 37 29 34 39 36 40 51 32 7 35 19 13 34 39 43 44 34 12 30 23 19 8 0 4 47 17 26 53 28 41 47 8 25 32 37 20 5 26 10 45 10 40 13 44 16 31 35 19 25 26 44 41 27 47 31 36 39 17 39 11 28 31 58 26 34 4 35 22 24 20 34 33 45 34 20 
44 66 55 22 40 32 34 42 39 41 54 35 8 36 19 13 37 41 46 47 37 15 32 25 21 8 4 0 50 16 29 55 30 43 50 8 26 34 38 21 6 28 10 48 11 42 12 47 19 33 37 19 27 28 47 44 29 50 32 37 42 20 39 12 29 33 60 29 37 7 35 23 27 22 36 35 48 35 20 
70 38 24 64 15 19 61 9 32 56 18 19 47 54 51 52 28 25 8 7 16 36 30 38 46 47 47 50 0 54 22 30 34 22 17 49 38 32 43 44 47 44 48 24 45 38 51 6 33 37 28 51 24 25 26 7 37 4 58 47 14 32 67 46 41 34 34 25 14 44 62 47 34 37 21 33 11 53 48 
28 61 64 35 48 39 19 47 33 27 53 36 23 22 35 5 33 52 51 49 43 20 44 38 11 23 17 16 54 0 35 51 42 53 58 23 40 29 29 36 21 18 8 44 25 34 27 52 29 26 49 6 35 37 43 47 42 53 17 26 49 24 24 9 21 27 55 38 43 16 20 12 22 34 46 29 55 21 35 
57 48 30 43 14 5 46 15 28 46 31 12 26 42 31 32 23 20 18 20 9 17 17 20 29 25 26 29 22 35 0 37 18 20 24 27 20 24 35 24 26 31 29 29 24 34 30 19 12 28 19 33 4 7 29 17 21 23 44 38 15 13 53 27 29 26 42 8 10 24 48 31 21 17 13 26 21 41 28 
54 12 53 75 40 36 48 32 18 40 14 26 56 39 65 51 20 50 35 25 37 41 52 56 41 56 53 55 30 51 37 0 54 48 45 58 57 22 26 60 55 35 49 9 56 19 62 33 46 26 52 46 40 43 9 28 57 27 46 31 39 38 54 46 31 25 6 43 34 50 49 40 30 53 44 22 40 39 63 
68 65 28 34 20 19 57 27 44 60 47 30 23 55 21 39 40 15 27 34 19 26 5 7 40 23 28 30 34 42 18 54 0 18 25 25 6 41 51 13 25 44 35 46 20 50 24 29 15 43 10 42 15 12 46 30 4 36 55 53 21 25 64 35 43 42 59 12 22 27 59 42 36 9 14 42 26 54 17 
76 57 12 51 9 18 65 17 44 65 38 27 38 61 37 50 39 5 15 25 13 35 14 24 48 38 41 43 22 53 20 48 18 0 9 40 23 42 53 30 39 50 46 41 36 51 40 17 26 46 10 52 19 17 42 21 21 24 63 56 10 31 72 45 48 44 53 16 16 40 67 50 40 24 9 43 12 60 34 
79 54 9 59 11 21 69 16 44 67 34 28 45 64 45 55 39 12 12 21 16 39 22 31 52 44 47 50 17 58 24 45 25 9 0 46 30 43 54 37 46 52 51 39 42 51 47 13 31 47 17 56 24 22 40 19 29 20 66 58 10 35 75 50 50 45 50 22 17 45 70 54 42 31 14 44 7 63 42 
50 69 51 18 38 31 41 41 42 47 55 35 3 42 13 19 39 37 44 46 34 17 28 19 26 3 8 8 49 23 27 58 25 40 46 0 21 38 43 15 4 33 16 50 5 46 6 45 17 37 33 25 25 26 49 43 23 49 38 43 39 21 46 18 34 37 63 26 36 10 42 29 30 17 33 39 45 41 13 
66 67 33 29 24 22 56 30 45 59 50 32 20 54 16 36 41 19 32 38 23 24 10 2 39 19 25 26 38 40 20 57 6 23 30 21 0 41 51 8 21 43 32 48 17 51 20 33 14 44 14 40 17 15 49 34 4 40 53 52 26 24 62 33 43 42 62 15 26 25 57 41 36 6 18 43 31 53 12 
39 33 50 55 34 25 31 28 6 26 26 16 36 23 47 29 5 42 33 26 29 21 40 41 19 36 32 34 32 29 24 22 41 42 43 38 41 0 12 43 35 15 28 16 37 11 42 32 29 6 42 25 27 30 15 26 43 30 28 17 34 19 37 25 11 4 27 31 27 29 32 19 9 37 35 3 37 23 45 
30 34 62 59 45 36 23 40 12 15 34 27 42 14 54 30 16 54 44 37 41 28 50 50 20 42 37 38 43 29 35 26 51 53 54 43 51 12 0 51 41 12 30 23 43 8 48 44 38 8 53 24 37 40 22 38 52 41 21 6 45 28 28 27 10 10 29 41 38 34 24 18 16 46 46 11 49 14 53 
63 71 40 22 30 27 53 36 47 57 54 35 14 52 9 32 43 27 38 43 29 23 17 7 36 14 20 21 44 36 24 60 13 30 37 15 8 43 51 0 16 42 29 51 11 52 13 39 15 44 22 37 21 20 52 39 11 45 50 51 32 25 58 29 42 43 65 20 31 21 54 39 36 8 25 44 38 51 5 
48 66 50 21 37 29 38 39 40 44 53 33 3 40 15 17 37 37 43 45 33 15 28 20 24 3 5 6 47 21 26 55 25 39 46 4 21 35 41 16 0 31 14 47 6 44 8 44 16 35 33 23 24 25 47 41 24 48 36 40 38 19 43 16 32 34 60 25 34 8 40 26 27 17 32 36 44 38 15 
27 44 60 49 43 33 18 39 17 16 39 26 32 12 44 19 19 50 44 39 38 20 45 43 9 32 26 28 44 18 31 35 44 50 52 33 43 15 12 42 31 0 19 29 34 17 38 44 30 10 48 13 33 35 28 38 45 43 15 11 44 21 24 17 4 12 39 36 37 24 19 7 11 38 43 14 48 11 44 
35 60 57 31 41 32 25 41 32 31 50 32 16 27 28 5 31 45 46 45 37 13 37 31 12 17 10 10 48 8 29 49 35 46 51 16 32 28 30 29 14 19 0 42 19 34 21 46 22 25 41 10 29 31 41 42 35 48 23 28 43 18 31 4 21 26 54 31 37 9 26 14 20 27 39 28 48 26 28 
52 20 47 67 33 28 44 25 13 37 12 18 48 36 57 44 13 43 28 19 30 34 44 48 35 48 45 48 24 44 29 9 46 41 39 50 48 16 23 51 47 29 42 0 48 17 54 27 37 21 44 40 32 34 3 21 49 22 43 28 32 30 50 39 26 19 15 35 27 42 45 34 23 45 37 17 33 36 55 
53 67 46 20 34 27 43 37 41 48 53 33 4 43 11 22 38 33 40 43 31 16 23 15 27 4 10 11 45 25 24 56 20 36 42 5 17 37 43 11 6 34 19 48 0 46 7 41 13 37 28 27 22 22 48 40 19 46 40 43 35 19 48 20 34 36 61 22 32 11 44 30 29 12 29 38 41 42 11 
36 28 59 63 42 35 30 36 8 22 27 24 45 21 56 35 12 52 40 32 38 31 50 51 25 45 40 42 38 34 34 19 50 51 51 46 51 11 8 52 44 17 34 17 46 0 51 40 38 10 52 29 36 40 15 34 53 36 28 13 42 29 35 32 15 11 23 40 36 37 30 23 17 47 44 9 45 21 55 
54 73 51 14 39 33 45 43 47 51 59 39 7 47 9 23 44 38 46 49 37 22 28 19 31 7 13 12 51 27 30 62 24 40 47 6 20 42 48 13 8 38 21 54 7 51 0 47 19 42 33 30 28 27 53 46 22 52 42 47 41 25 50 23 39 41 67 27 38 15 46 33 35 17 34 43 47 45 10 
70 42 21 60 11 15 60 6 33 57 22 18 44 54 47 50 29 20 3 9 12 34 26 34 44 43 44 47 6 52 19 33 29 17 13 45 33 32 44 39 44 44 46 27 41 40 47 0 29 38 23 49 21 21 28 7 32 8 58 48 9 30 67 44 41 35 38 21 10 42 61 46 34 32 16 34 7 53 44 
54 57 37 32 22 15 44 25 33 46 41 21 15 42 21 26 29 24 28 31 19 12 16 13 26 15 16 19 33 29 12 46 15 26 31 17 14 29 38 15 16 30 22 37 13 38 19 29 0 31 21 29 10 10 37 27 16 34 41 39 24 11 50 21 30 29 51 10 20 15 45 29 23 9 18 30 30 40 18 
34 36 55 54 38 29 25 33 9 21 31 21 36 18 47 26 10 47 38 32 34 22 43 43 16 36 31 33 37 26 28 26 43 46 47 37 44 6 8 44 35 10 25 21 37 10 42 38 31 0 46 21 30 33 19 32 45 36 23 11 39 21 32 23 6 4 30 34 32 28 26 15 9 39 39 5 42 17 46 
73 62 19 43 14 18 63 22 45 64 43 29 32 60 29 45 40 6 22 30 16 31 6 15 45 31 35 37 28 49 19 52 10 10 17 33 14 42 53 22 33 48 41 44 28 52 33 23 21 46 0 48 17 14 45 26 12 31 60 56 16 28 69 41 47 44 57 13 19 34 64 47 39 17 9 44 20 58 26 
26 56 63 39 46 37 16 45 28 22 49 33 25 18 37 8 28 51 49 46 42 18 44 39 6 26 19 19 51 6 33 46 42 52 56 25 40 25 24 37 23 13 10 40 27 29 30 49 29 21 48 0 34 36 39 45 43 50 14 21 47 22 22 9 16 22 50 37 41 17 18 7 18 35 44 25 52 17 37 
58 51 30 41 14 7 48 16 30 48 34 15 24 44 28 32 26 18 19 23 10 17 14 17 30 23 25 27 24 35 4 40 15 19 24 25 17 27 37 21 24 33 29 32 22 36 28 21 10 30 17 34 0 4 32 19 18 25 45 40 15 13 54 27 31 28 46 5 11 23 49 32 23 14 11 28 21 43 25 
61 53 28 40 13 8 50 17 33 51 36 18 24 47 27 34 29 16 19 24 10 19 11 15 33 24 26 28 25 37 7 43 12 17 22 26 15 30 40 20 25 35 31 34 22 40 27 21 10 33 14 36 4 0 35 20 15 26 47 43 15 16 57 30 34 31 48 2 12 24 52 35 26 13 9 32 20 46 24 
51 20 48 67 34 28 43 26 12 36 13 18 48 35 57 43 12 44 30 20 30 33 45 48 34 48 44 47 26 43 29 9 46 42 40 49 49 15 22 52 47 28 41 3 48 15 53 28 37 19 45 39 32 35 0 23 49 23 41 27 33 29 49 39 25 18 15 36 28 42 44 33 22 45 37 15 34 34 55 
64 38 26 58 13 13 55 5 27 51 18 13 41 48 46 46 23 23 8 5 12 30 27 34 40 41 41 44 7 47 17 28 30 21 19 43 34 26 38 39 41 38 42 21 40 34 46 7 27 32 26 45 19 20 23 0 33 7 52 42 12 26 61 40 35 29 33 20 9 38 56 41 28 32 18 28 13 48 43 
68 68 31 31 23 22 58 30 47 61 50 32 22 56 18 38 42 18 31 38 23 27 8 5 41 22 27 29 37 42 21 57 4 21 29 23 4 43 52 11 24 45 35 49 19 53 22 32 16 45 12 43 18 15 49 33 0 39 55 54 25 26 64 35 45 44 62 15 25 27 59 43 38 9 17 44 30 55 15 
68 35 27 65 18 20 59 10 30 55 15 18 48 52 52 51 26 27 10 5 18 37 32 40 45 47 47 50 4 53 23 27 36 24 20 49 40 30 41 45 48 43 48 22 46 36 52 8 34 36 31 50 25 26 23 7 39 0 57 45 16 32 66 46 40 33 31 27 15 45 60 46 33 38 23 32 14 52 49 
14 55 73 51 56 46 4 53 30 12 53 40 38 9 50 20 32 62 58 53 51 30 56 52 16 38 31 32 58 17 44 46 55 63 66 38 53 28 21 50 36 15 23 43 40 28 42 58 41 23 60 14 45 47 41 52 55 57 0 17 57 32 10 21 18 25 50 48 50 30 5 13 25 48 55 27 62 9 50 
25 39 66 58 49 40 18 44 17 10 39 31 42 9 54 28 20 57 48 42 44 29 53 51 18 42 36 37 47 26 38 31 53 56 58 43 52 17 6 51 40 11 28 28 43 13 47 48 39 11 56 21 40 43 27 42 54 45 17 0 49 29 23 26 10 14 34 44 42 33 19 16 18 47 49 15 53 9 53 
70 49 17 53 3 12 60 8 36 58 29 19 38 55 40 47 31 12 7 16 7 31 18 26 43 37 39 42 14 49 15 39 21 10 10 39 26 34 45 32 38 44 43 32 35 42 41 9 24 39 16 47 15 15 33 12 25 16 57 49 0 27 66 41 41 36 44 15 8 37 61 45 33 26 9 36 7 54 37 
46 49 42 38 25 16 35 25 23 36 35 16 20 32 29 21 20 31 29 28 21 6 25 23 18 19 17 20 32 24 13 38 25 31 35 21 24 19 28 25 19 21 18 30 19 29 25 30 11 21 28 22 13 16 29 26 26 32 32 29 27 0 42 16 20 19 43 17 20 14 37 20 13 19 24 20 32 31 27 
6 61 82 56 65 56 8 62 38 16 61 50 45 15 57 27 41 71 67 62 61 39 65 60 25 46 39 39 67 24 53 54 64 72 75 46 62 37 28 58 43 24 31 50 48 35 50 67 50 32 69 22 54 57 49 61 64 66 10 23 66 42 0 30 27 34 56 57 59 38 6 23 34 56 64 36 71 16 58 
34 57 56 33 40 31 24 40 29 29 47 29 18 25 30 6 28 44 44 43 36 12 36 32 9 18 11 12 46 9 27 46 35 45 50 18 33 25 27 29 16 17 4 39 20 32 23 44 21 23 41 9 27 30 39 40 35 46 21 26 41 16 30 0 18 23 51 30 35 10 25 11 17 27 38 25 47 24 30 
30 41 58 50 40 31 21 36 14 18 36 24 33 14 45 22 15 48 41 36 36 20 43 42 11 33 28 29 41 21 29 31 43 48 50 34 43 11 10 42 32 4 21 26 34 15 39 41 30 6 47 16 31 34 25 35 45 40 18 10 41 20 27 18 0 8 35 35 34 25 22 10 9 38 41 10 45 14 44 
36 35 53 54 36 27 28 31 7 23 29 18 36 21 46 27 8 44 35 29 31 21 41 41 17 36 31 33 34 27 26 25 42 44 45 37 42 4 10 43 34 12 26 19 36 11 41 35 29 4 44 22 28 31 18 29 44 33 25 14 36 19 34 23 8 0 29 32 29 28 29 17 8 37 37 3 40 20 45 
57 7 57 80 45 41 51 37 23 42 17 31 61 42 70 55 25 55 40 30 43 47 57 62 45 61 58 60 34 55 42 6 59 53 50 63 62 27 29 65 60 39 54 15 61 23 67 38 51 30 57 50 46 48 15 33 62 31 50 34 44 43 56 51 35 29 0 49 40 55 52 44 35 58 49 27 44 42 68 
61 54 27 40 13 9 51 17 34 51 36 19 24 47 27 35 29 15 20 25 10 19 10 14 33 24 26 29 25 38 8 43 12 16 22 26 15 31 41 20 25 36 31 35 22 40 27 21 10 34 13 37 5 2 36 20 15 27 48 44 15 17 57 30 35 32 49 0 12 25 52 36 27 12 9 32 20 46 24 
63 45 24 51 8 6 53 6 29 51 26 12 34 48 38 41 24 17 10 13 4 25 19 26 36 34 34 37 14 43 10 34 22 16 17 36 26 27 38 31 34 37 37 27 32 36 38 10 20 32 19 41 11 12 28 9 25 15 50 42 8 20 59 35 34 29 40 12 0 32 54 38 27 24 11 29 13 47 35 
43 61 51 27 36 27 33 37 34 38 49 29 9 33 21 12 31 38 41 41 32 10 29 24 17 10 4 7 44 16 24 50 27 40 45 10 25 29 34 21 8 24 9 42 11 37 15 42 15 28 34 17 23 24 42 38 27 45 30 33 37 14 38 10 25 28 55 25 32 0 34 20 21 20 32 30 43 32 21 
10 56 77 54 60 50 2 57 33 12 56 44 42 10 53 24 36 66 61 57 55 34 60 56 20 42 35 35 62 20 48 49 59 67 70 42 57 32 24 54 40 19 26 45 44 30 46 61 45 26 64 18 49 52 44 56 59 60 5 19 61 37 6 25 22 29 52 52 54 34 0 18 29 52 59 30 65 11 54 
27 50 61 44 44 34 16 41 23 19 44 29 28 15 40 13 23 50 46 42 39 18 43 40 4 28 22 23 47 12 31 40 42 50 54 29 41 19 18 39 26 7 14 34 30 23 33 46 29 15 47 7 32 35 33 41 43 46 13 16 45 20 23 11 10 17 44 36 38 20 18 0 14 36 43 19 49 13 40 
37 41 50 47 33 23 28 29 13 26 32 17 29 22 40 22 12 40 34 29 28 14 36 35 13 29 24 27 34 22 21 30 36 40 42 30 36 9 16 36 27 11 20 23 29 17 35 34 23 9 39 18 23 26 22 28 38 33 25 18 33 13 34 17 9 8 35 27 27 21 29 14 0 31 33 9 38 21 38 
61 64 35 28 24 20 50 29 41 53 47 28 16 49 15 31 37 22 31 36 22 19 12 5 33 15 20 22 37 34 17 53 9 24 31 17 6 37 46 8 17 38 27 45 12 47 17 32 9 39 17 35 14 13 45 32 9 38 48 47 26 19 56 27 38 37 58 12 24 20 52 36 31 0 18 38 31 48 12 
68 54 20 46 7 11 58 14 38 58 35 21 32 54 32 43 33 8 15 22 8 27 10 19 41 31 34 36 21 46 13 44 14 9 14 33 18 35 46 25 32 43 39 37 29 44 34 16 18 39 9 44 11 9 37 18 17 23 55 49 9 24 64 38 41 37 49 9 11 32 59 43 33 18 0 37 14 53 29 
38 33 52 56 35 27 29 30 5 24 27 17 37 22 48 29 6 44 35 28 31 23 42 42 19 37 33 35 33 29 26 22 42 43 44 39 43 3 11 44 36 14 28 17 38 9 43 34 30 5 44 25 28 32 15 28 44 32 27 15 36 20 36 25 10 3 27 32 29 30 30 19 9 38 37 0 39 21 46 
74 48 15 59 9 17 64 10 39 62 28 23 44 59 45 52 34 15 6 16 12 36 23 32 48 43 45 48 11 55 21 40 26 12 7 45 31 37 49 38 44 48 48 33 41 45 47 7 30 42 20 52 21 20 34 13 30 14 62 53 7 32 71 47 45 40 44 20 13 43 65 49 38 31 14 39 0 58 42 
18 47 70 55 53 44 10 49 24 7 46 36 40 2 52 24 27 60 54 48 48 30 55 52 16 41 34 35 53 21 41 39 54 60 63 41 53 23 14 51 38 11 26 36 42 21 45 53 40 17 58 17 43 46 34 48 55 52 9 9 54 31 16 24 14 20 42 46 47 32 11 13 21 48 53 21 58 0 52 
62 74 44 18 35 31 53 40 50 58 58 39 13 53 4 32 46 31 42 47 33 25 21 12 37 13 20 20 48 35 28 63 17 34 42 13 12 45 53 5 15 44 28 55 11 55 10 44 18 46 26 37 25 24 55 43 15 49 50 53 37 27 58 30 44 45 68 24 35 21 54 40 38 12 29 46 42 52 0 
