4 250 79 
250 250 250 250 
9 469 16 514
35 770 14 831
61 648 49 716
17 447 62 477
23 1071 61 1140
18 957 75 1022
44 477 40 536
9 859 51 903
72 656 19 673
53 436 70 492
52 487 18 536
34 1079 73 1161
11 568 69 592
12 925 64 1002
76 1049 35 1123
43 829 27 886
72 1050 48 1099
74 967 41 1040
45 578 61 624
12 997 39 1039
61 437 25 471
62 635 8 678
9 442 43 501
26 425 30 463
70 485 44 548
51 1019 44 1079
15 550 65 610
60 573 69 635
21 922 10 943
50 469 44 516
17 731 57 805
20 551 50 627
47 639 78 712
77 472 76 535
15 784 8 833
63 622 18 677
38 483 23 537
73 1076 60 1149
38 1031 29 1078
13 918 40 954
28 689 16 742
13 932 58 972
27 583 37 640
6 704 49 774
47 807 38 887
31 486 70 544
68 954 60 1025
36 837 58 919
73 933 13 991
48 451 72 500
52 979 77 1026
25 1034 72 1102
70 465 27 516
31 731 46 794
75 1051 74 1118
54 744 39 778
55 740 26 787
25 822 10 892
66 618 55 675
20 996 8 1039
12 964 48 1002
45 902 12 971
21 438 12 498
37 458 68 513
16 1007 39 1083
66 467 75 493
12 965 65 1037
26 1053 8 1090
37 750 61 776
38 620 26 679
63 814 18 862
46 512 59 565
22 882 68 933
34 713 66 763
34 503 75 557
14 601 51 656
74 688 42 770
50 1068 12 1093
73 967 68 1010
32 552 62 586
39 623 16 686
67 469 27 520
11 1000 62 1032
19 459 29 532
37 506 64 539
64 908 73 984
68 816 50 873
46 514 77 566
9 434 43 509
37 1050 48 1109
13 1011 66 1057
40 503 76 591
56 505 61 577
45 1029 73 1080
28 645 34 722
60 465 71 477
6 531 42 586
74 455 7 546
40 643 71 689
74 820 55 878
24 1158 24 1456
25 827 25 1025
14 935 14 1191
47 686 47 969
33 537 33 719
55 386 55 606
50 448 50 722
56 557 56 802
65 399 65 656
46 501 46 770
33 426 33 692
52 761 52 1029
10 372 10 615
27 592 27 852
37 361 37 641
38 978 38 1210
68 569 68 834
40 980 40 1208
26 1060 26 1342
50 939 50 1233
50 667 50 894
73 589 73 790
11 528 11 732
14 430 14 697
31 417 31 625
28 359 28 553
53 860 53 1129
27 489 27 720
4 869 4 1150
69 554 69 756
73 1090 73 1281
58 744 58 942
52 372 52 618
29 1003 29 1265
46 691 46 878
38 815 38 1098
75 1095 75 1382
76 1098 76 1290
32 469 32 732
43 663 43 925
78 1158 78 1432
41 422 41 615
47 567 47 804
23 436 23 697
72 305 72 509
48 532 48 713
52 843 52 1108
12 953 12 1248
12 342 12 621
43 792 43 1040
47 976 47 1158
49 862 49 1073
48 329 48 610
42 1113 42 1367
46 1039 46 1333
57 1191 57 1423
50 528 50 804
46 772 46 1068
32 418 32 607
19 570 19 761
70 903 70 1165
46 414 46 664
76 1100 76 1325
10 1050 10 1285
66 697 66 911
39 1043 39 1259
25 681 25 969
77 778 77 1019
15 960 15 1177
14 690 14 907
20 718 20 956
36 1079 36 1322
14 1006 14 1189
12 822 12 1105
60 826 60 1067
15 793 15 1063
58 892 58 1154
51 578 51 839
37 923 37 1150
68 786 68 1006
44 932 44 1197
63 566 63 834
41 487 41 754
69 480 69 685
42 785 42 1022
25 303 25 596
38 724 38 917
28 561 28 832
54 859 54 1085
57 1134 57 1375
61 515 61 719
17 1038 17 1275
72 710 72 920
38 997 38 1283
28 1102 28 1344
14 415 14 660
73 835 73 1035
55 1114 55 1363
32 845 32 1128
69 1080 69 1345
30 485 30 676
74 1053 74 1302
13 818 13 1012
26 788 26 1059
32 986 32 1175
54 609 54 824
65 665 65 891
62 564 62 809
71 814 71 1081
64 994 64 1195
40 442 40 707
42 379 42 616
10 490 10 788
76 1050 76 1287
6 987 6 1231
19 788 19 1067
6 455 6 724
71 1078 71 1312
28 1190 28 1373
57 798 57 1018
73 1145 73 1391
73 937 73 1171
41 979 41 1225
28 850 28 1049
36 474 36 769
37 525 37 744
76 624 76 845
29 776 29 1031
46 603 46 883
40 1061 40 1282
5 942 5 1199
17 556 17 804
21 890 21 1152
24 375 24 580
32 993 32 1194
15 536 15 824
64 524 64 715
76 690 76 874
22 637 22 913
43 1060 43 1249
64 667 64 891
24 744 24 995
32 662 32 894
21 849 21 1085
6 420 6 635
40 1043 40 1297
8 821 8 1106
65 587 65 769
8 365 8 552
65 558 65 799
0 61 86 61 46 36 31 65 31 64 49 42 61 25 57 59 30 38 64 64 43 40 43 72 61 12 52 64 55 27 30 27 23 62 58 28 26 34 62 65 16 43 47 56 47 31 49 60 60 66 56 72 41 26 49 42 61 63 59 21 15 24 33 40 20 44 31 73 74 51 41 18 61 67 7 49 65 24 47 
61 0 61 86 20 46 67 50 40 36 34 31 66 57 11 67 39 55 51 69 20 28 43 48 52 55 43 22 40 46 47 57 57 49 82 41 36 46 24 60 62 50 41 64 74 43 74 81 84 48 47 52 34 41 35 22 39 33 68 44 57 46 54 61 63 20 55 64 64 29 24 55 74 52 59 64 47 52 46 
86 61 0 61 53 51 67 22 57 28 40 49 36 65 53 39 58 52 23 37 60 53 44 16 27 75 35 40 33 60 57 63 66 25 59 59 69 53 39 27 76 45 39 40 60 56 57 55 59 21 31 14 48 62 40 57 28 31 42 68 73 63 55 54 73 57 58 21 20 41 56 70 46 20 80 47 22 64 40 
61 86 61 0 68 42 31 47 51 60 53 56 27 39 76 24 52 33 45 26 71 60 43 56 41 53 46 72 50 47 44 38 41 46 5 52 64 43 69 37 46 37 46 25 15 48 15 7 3 50 44 53 53 54 52 67 54 62 22 56 48 50 36 27 42 69 37 41 42 59 65 47 16 47 55 23 49 44 42 
46 20 53 68 0 27 49 37 22 26 18 12 49 39 12 50 21 37 37 52 8 9 25 38 37 38 27 19 25 28 29 39 39 35 63 22 22 27 18 46 45 32 24 47 55 24 55 63 66 36 31 41 16 23 18 6 27 24 51 27 40 28 35 42 45 5 36 50 50 14 6 37 57 40 43 46 35 34 28 
36 46 51 42 27 0 24 29 11 32 17 16 29 17 37 29 13 10 28 32 30 19 8 37 25 26 17 37 20 11 8 16 18 26 38 13 26 4 34 31 27 9 13 25 29 8 29 38 40 31 20 37 13 15 17 26 27 31 29 20 23 14 9 16 25 28 11 38 39 22 24 20 34 32 31 21 29 14 12 
31 67 67 31 49 24 0 47 28 53 40 38 36 12 59 33 29 17 45 37 49 40 30 56 41 24 38 60 42 22 21 11 13 44 27 28 38 23 57 42 16 25 34 30 17 25 19 30 30 49 39 55 35 29 39 46 48 53 31 29 19 24 16 14 12 49 14 50 51 45 44 18 32 48 26 22 48 17 31 
65 50 22 47 37 29 47 0 36 17 22 30 21 44 41 24 38 31 2 23 44 34 23 11 7 54 14 31 14 39 36 42 45 4 44 39 50 32 28 12 55 24 19 23 42 35 40 41 45 4 10 9 29 42 21 40 12 19 26 47 52 42 34 34 52 41 37 14 14 24 39 49 32 3 59 29 4 43 19 
31 40 57 51 22 11 28 36 0 34 19 13 39 18 33 38 3 19 36 42 22 14 15 42 33 21 23 36 25 7 8 18 18 33 47 4 16 9 34 40 25 18 18 35 37 4 37 47 49 37 27 43 11 6 19 19 31 33 39 12 20 8 16 24 25 22 16 46 47 22 17 17 43 39 26 31 36 13 19 
64 36 28 60 26 32 53 17 34 0 17 24 36 47 26 38 35 37 18 38 33 27 25 13 21 54 17 15 13 39 38 46 48 16 57 37 44 34 13 28 57 29 20 36 53 35 51 55 58 14 18 17 25 39 17 31 7 4 40 45 53 42 39 42 56 30 42 29 29 15 30 50 46 18 59 40 14 44 23 
49 34 40 53 18 17 40 22 19 17 0 10 33 32 25 34 20 25 21 36 23 14 11 25 21 38 10 21 9 24 22 31 33 19 49 21 30 19 19 29 42 18 8 31 42 19 41 48 51 21 15 27 9 24 2 20 14 16 35 29 37 26 25 30 41 21 27 34 34 7 18 34 41 24 44 31 20 29 12 
42 31 49 56 12 16 38 30 13 24 10 0 39 29 22 39 13 25 30 42 16 5 14 34 29 32 18 24 17 19 19 29 30 27 52 15 21 16 22 36 37 20 14 36 44 14 44 52 54 30 22 36 4 17 10 13 22 22 40 22 32 20 24 31 37 14 25 42 43 10 11 29 46 33 37 35 28 25 17 
61 66 36 27 49 29 36 21 39 36 33 39 0 38 56 4 41 24 20 4 54 44 27 31 16 51 24 49 28 38 35 36 39 21 24 41 54 32 46 11 48 22 26 6 25 37 22 21 25 25 20 27 36 44 32 51 30 38 6 48 47 42 29 23 45 52 32 17 18 38 49 45 12 21 55 14 24 39 23 
25 57 65 39 39 17 12 44 18 47 32 29 38 0 50 36 19 15 43 40 39 31 24 52 39 15 33 52 36 12 12 3 3 41 36 18 28 15 49 42 12 21 28 32 25 16 26 38 38 46 35 52 26 18 32 36 43 47 35 18 11 13 11 16 10 38 7 50 51 37 34 9 37 46 19 25 44 7 27 
57 11 53 76 12 37 59 41 33 26 25 22 56 50 0 57 32 46 41 59 15 20 34 39 42 49 33 14 30 39 39 49 50 39 72 33 32 38 15 50 56 40 32 54 65 35 64 71 74 38 37 43 25 34 25 16 29 24 59 38 50 39 45 52 56 14 46 54 54 19 17 48 65 43 54 55 38 45 36 
59 67 39 24 50 29 33 24 38 38 34 39 4 36 57 0 40 23 23 5 55 44 27 34 19 49 25 51 29 37 34 33 37 23 21 41 54 31 48 14 46 21 27 4 22 36 19 18 22 27 22 30 37 43 33 51 32 40 3 47 45 41 27 21 42 52 30 20 21 39 49 43 9 24 53 12 27 38 23 
30 39 58 52 21 13 29 38 3 35 20 13 41 19 32 40 0 21 37 44 21 13 16 44 35 20 25 36 26 8 10 19 19 35 48 3 14 11 34 41 25 20 20 37 39 6 39 49 51 38 29 45 12 5 20 18 32 34 40 10 20 8 17 26 26 20 17 48 49 22 16 17 45 40 25 33 37 14 21 
38 55 52 33 37 10 17 31 19 37 25 25 24 15 46 23 21 0 30 27 39 29 14 40 26 28 21 45 26 16 13 13 16 28 29 21 34 11 42 29 26 9 19 19 20 16 20 29 31 33 23 39 22 23 24 36 32 38 22 26 24 19 6 7 23 38 9 36 37 30 34 22 26 33 32 13 32 16 15 
64 51 23 45 37 28 45 2 36 18 21 30 20 43 41 23 37 30 0 22 43 34 22 12 6 53 13 32 14 38 35 41 44 3 42 38 49 31 29 11 53 22 18 22 40 34 38 40 43 6 9 10 28 41 21 40 13 20 25 46 51 41 33 32 51 41 36 14 14 24 38 48 31 4 58 28 5 42 18 
64 69 37 26 52 32 37 23 42 38 36 42 4 40 59 5 44 27 22 0 57 46 30 32 19 54 27 51 30 41 38 38 42 23 23 44 57 35 49 12 50 25 29 8 25 39 23 20 24 27 23 28 39 47 35 54 33 40 7 51 49 45 32 25 47 55 34 17 18 41 52 47 10 22 58 16 26 42 26 
43 20 60 71 8 30 49 44 22 33 23 16 54 39 15 55 21 39 43 57 0 12 29 45 43 36 32 26 31 28 30 39 39 41 67 22 18 29 25 51 44 35 29 52 58 25 58 67 69 42 37 48 19 22 24 5 34 30 56 25 38 28 37 45 45 4 37 56 57 20 7 36 61 46 40 50 41 34 33 
40 28 53 60 9 19 40 34 14 27 14 5 44 31 20 44 13 29 34 46 12 0 18 37 33 31 22 25 21 20 20 30 31 31 56 15 18 19 23 41 37 24 18 40 47 16 47 56 58 34 27 40 8 16 14 8 26 25 45 21 32 20 26 34 37 10 28 47 47 13 6 29 50 37 36 39 32 26 22 
43 43 44 43 25 8 30 23 15 25 11 14 27 24 34 27 16 14 22 30 29 18 0 30 19 32 10 32 14 17 15 22 25 20 39 17 29 11 29 26 34 8 6 23 32 13 31 39 42 24 14 30 11 20 11 26 20 25 27 25 30 20 15 20 32 27 18 33 33 17 23 27 33 25 37 22 23 21 6 
72 48 16 56 38 37 56 11 42 13 25 34 31 52 39 34 44 40 12 32 45 37 30 0 17 61 21 27 18 46 44 51 54 13 53 45 54 40 25 21 63 32 25 33 52 42 50 51 54 8 18 6 34 48 25 42 13 16 36 53 59 49 43 43 61 42 46 20 19 26 41 56 41 11 66 39 9 50 27 
61 52 27 41 37 25 41 7 33 21 21 29 16 39 42 19 35 26 6 19 43 33 19 17 0 50 12 34 14 35 32 37 40 6 38 36 47 28 31 9 50 19 16 17 36 32 34 36 39 10 7 15 27 39 20 40 15 23 21 44 47 39 29 28 47 41 32 14 15 25 38 44 27 8 55 23 9 38 15 
12 55 75 53 38 26 24 54 21 54 38 32 51 15 49 49 20 28 53 54 36 31 32 61 50 0 42 55 44 16 19 17 14 51 50 19 20 23 53 55 10 33 37 46 39 21 40 52 52 55 45 62 31 17 38 34 51 53 49 12 6 13 23 30 13 37 20 62 63 41 33 7 52 56 6 39 54 13 36 
52 43 35 46 27 17 38 14 23 17 10 18 24 33 33 25 25 21 13 27 32 22 10 21 12 42 0 27 5 26 24 31 34 11 42 26 37 20 24 20 43 13 6 23 37 22 35 41 44 15 6 21 16 29 9 29 12 18 27 34 39 30 24 26 41 30 26 25 26 15 27 37 33 16 47 25 13 31 7 
64 22 40 72 19 37 60 31 36 15 21 24 49 52 14 51 36 45 32 51 26 25 32 27 34 55 27 0 23 42 41 51 53 30 68 38 41 39 4 42 60 38 28 48 62 37 61 67 70 28 30 31 27 39 22 25 20 13 52 44 55 43 45 50 60 23 47 44 44 16 25 52 59 33 60 51 28 48 32 
55 40 33 50 25 20 42 14 25 13 9 17 28 36 30 29 26 26 14 30 31 21 14 18 14 44 5 23 0 29 27 35 37 11 46 28 37 23 20 22 46 18 9 27 41 24 40 45 48 13 8 20 16 30 8 28 8 13 31 36 42 32 27 30 45 28 30 27 27 12 26 39 37 16 49 29 12 34 11 
27 46 60 47 28 11 22 39 7 39 24 19 38 12 39 37 8 16 38 41 28 20 17 46 35 16 26 42 29 0 4 12 12 36 43 7 19 8 39 40 19 18 21 34 33 6 33 44 45 40 30 46 16 8 23 25 35 38 37 11 15 5 11 21 19 28 11 47 48 27 23 12 41 41 22 28 39 7 21 
30 47 57 44 29 8 21 36 8 38 22 19 35 12 39 34 10 13 35 38 30 20 15 44 32 19 24 41 27 4 0 11 12 33 40 9 22 5 39 37 21 15 19 30 30 5 31 41 42 38 27 44 16 11 22 26 33 37 34 14 17 8 9 18 19 29 9 45 45 26 25 14 38 38 24 25 36 8 19 
27 57 63 38 39 16 11 42 18 46 31 29 36 3 49 33 19 13 41 38 39 30 22 51 37 17 31 51 35 12 11 0 5 39 34 18 29 14 48 40 14 20 27 30 24 16 25 36 36 44 33 50 26 19 31 36 41 46 33 19 13 14 9 14 11 39 6 48 49 36 34 11 35 44 21 23 43 8 25 
23 57 66 41 39 18 13 45 18 48 33 30 39 3 50 37 19 16 44 42 39 31 25 54 40 14 34 53 37 12 12 5 0 42 37 18 27 16 50 44 10 23 30 34 27 16 28 39 40 47 36 53 27 18 33 36 44 48 36 17 9 12 12 18 8 38 9 52 52 38 34 7 39 47 17 27 46 6 28 
62 49 25 46 35 26 44 4 33 16 19 27 21 41 39 23 35 28 3 23 41 31 20 13 6 51 11 30 11 36 33 39 42 0 43 36 47 29 27 13 52 21 16 22 40 32 38 40 44 6 7 12 26 39 18 38 11 18 25 44 49 39 32 31 49 38 35 16 17 22 36 46 31 6 56 27 5 40 16 
58 82 59 5 63 38 27 44 47 57 49 52 24 36 72 21 48 29 42 23 67 56 39 53 38 50 42 68 46 43 40 34 37 43 0 48 60 39 65 34 43 33 42 22 12 43 11 5 4 47 40 50 49 50 48 63 51 58 19 52 45 46 32 23 39 65 33 39 40 55 61 44 14 44 52 19 46 40 38 
28 41 59 52 22 13 28 39 4 37 21 15 41 18 33 41 3 21 38 44 22 15 17 45 36 19 26 38 28 7 9 18 18 36 48 0 14 11 35 42 24 21 21 37 38 6 39 49 50 40 30 46 13 4 21 19 34 35 41 9 18 7 17 26 24 22 16 49 50 24 18 16 45 41 24 33 38 12 22 
26 36 69 64 22 26 38 50 16 44 30 21 54 28 32 54 14 34 49 57 18 18 29 54 47 20 37 41 37 19 22 29 27 47 60 14 0 24 39 54 29 34 32 50 50 19 51 62 63 50 41 56 22 12 30 17 42 42 54 11 23 16 29 38 31 19 28 61 61 30 17 22 58 52 24 46 48 22 34 
34 46 53 43 27 4 23 32 9 34 19 16 32 15 38 31 11 11 31 35 29 19 11 40 28 23 20 39 23 8 5 14 16 29 39 11 24 0 36 33 24 11 15 28 30 6 30 39 41 34 23 40 13 13 19 26 30 33 31 17 21 11 8 17 23 28 10 41 41 23 24 18 36 34 28 23 32 12 15 
62 24 39 69 18 34 57 28 34 13 19 22 46 49 15 48 34 42 29 49 25 23 29 25 31 53 24 4 20 39 39 48 50 27 65 35 39 36 0 39 58 35 25 46 60 35 58 64 67 26 27 29 24 37 19 23 17 10 50 42 53 41 42 47 57 22 44 41 41 13 23 50 56 30 58 48 25 45 29 
65 60 27 37 46 31 42 12 40 28 29 36 11 42 50 14 41 29 11 12 51 41 26 21 9 55 20 42 22 40 37 40 44 13 34 42 54 33 39 0 53 23 24 14 34 38 32 31 35 16 15 17 34 45 28 48 23 30 16 50 51 44 33 29 50 49 36 9 10 33 46 49 21 11 59 22 16 43 21 
16 62 76 46 45 27 16 55 25 57 42 37 48 12 56 46 25 26 53 50 44 37 34 63 50 10 43 60 46 19 21 14 10 52 43 24 29 24 58 53 0 32 39 43 32 24 34 45 45 56 45 62 35 23 41 41 53 56 45 20 7 18 21 26 5 44 18 61 62 46 40 9 47 56 10 35 55 14 37 
43 50 45 37 32 9 25 24 18 29 18 20 22 21 40 21 20 9 22 25 35 24 8 32 19 33 13 38 18 18 15 20 23 21 33 21 34 11 35 23 32 0 11 18 26 16 25 32 35 25 15 32 17 23 17 32 24 30 22 28 29 22 12 14 30 33 15 31 31 23 30 27 27 25 37 15 24 21 7 
47 41 39 46 24 13 34 19 18 20 8 14 26 28 32 27 20 19 18 29 29 18 6 25 16 37 6 28 9 21 19 27 30 16 42 21 32 15 25 24 39 11 0 24 36 17 34 41 44 20 10 26 12 24 7 26 15 20 28 29 35 25 20 24 37 27 23 30 30 14 24 32 34 21 42 24 18 26 5 
56 64 40 25 47 25 30 23 35 36 31 36 6 32 54 4 37 19 22 8 52 40 23 33 17 46 23 48 27 34 30 30 34 22 22 37 50 28 46 14 43 18 24 0 21 32 18 19 23 26 20 30 33 40 30 48 31 38 5 44 42 37 24 18 39 49 27 21 22 36 46 40 11 23 50 9 25 34 20 
47 74 60 15 55 29 17 42 37 53 42 44 25 25 65 22 39 20 40 25 58 47 32 52 36 39 37 62 41 33 30 24 27 40 12 38 50 30 60 34 32 26 36 21 0 34 3 14 14 45 36 49 41 40 42 55 47 53 20 42 34 35 23 14 28 57 23 41 42 48 52 33 18 42 41 14 44 30 31 
31 43 56 48 24 8 25 35 4 35 19 14 37 16 35 36 6 16 34 39 25 16 13 42 32 21 22 37 24 6 5 16 16 32 43 6 19 6 35 38 24 16 17 32 34 0 34 44 46 36 26 42 12 8 19 22 31 34 36 13 19 8 12 21 23 24 13 45 45 23 20 16 40 37 26 28 35 11 18 
49 74 57 15 55 29 19 40 37 51 41 44 22 26 64 19 39 20 38 23 58 47 31 50 34 40 35 61 40 33 31 25 28 38 11 39 51 30 58 32 34 25 34 18 3 34 0 12 13 43 34 47 40 40 41 54 45 52 17 42 36 36 23 14 30 56 24 38 39 47 52 34 16 40 43 12 42 31 30 
60 81 55 7 63 38 30 41 47 55 48 52 21 38 71 18 49 29 40 20 67 56 39 51 36 52 41 67 45 44 41 36 39 40 5 49 62 39 64 31 45 32 41 19 14 44 12 0 5 44 38 47 49 51 47 63 49 56 16 53 47 47 33 24 41 65 34 36 37 54 61 46 10 41 54 18 44 42 37 
60 84 59 3 66 40 30 45 49 58 51 54 25 38 74 22 51 31 43 24 69 58 42 54 39 52 44 70 48 45 42 36 40 44 4 50 63 41 67 35 45 35 44 23 14 46 13 5 0 48 42 51 51 52 50 65 52 60 20 54 47 48 35 26 41 67 36 40 41 57 63 46 14 45 54 21 47 43 40 
66 48 21 50 36 31 49 4 37 14 21 30 25 46 38 27 38 33 6 27 42 34 24 8 10 55 15 28 13 40 38 44 47 6 47 40 50 34 26 16 56 25 20 26 45 36 43 44 48 0 12 8 29 42 21 39 10 16 29 48 53 43 36 36 54 39 39 17 17 23 38 50 35 6 60 32 2 44 20 
56 47 31 44 31 20 39 10 27 18 15 22 20 35 37 22 29 23 9 23 37 27 14 18 7 45 6 30 8 30 27 33 36 7 40 30 41 23 27 15 45 15 10 20 36 26 34 38 42 12 0 18 21 33 14 34 12 19 24 38 42 33 25 26 43 34 29 21 21 19 32 40 30 12 50 23 10 34 9 
72 52 14 53 41 37 55 9 43 17 27 36 27 52 43 30 45 39 10 28 48 40 30 6 15 62 21 31 20 46 44 50 53 12 50 46 56 40 29 17 62 32 26 30 49 42 47 47 51 8 18 0 35 49 27 45 15 20 32 54 59 50 42 41 60 45 45 15 15 29 44 57 38 8 67 36 9 51 26 
41 34 48 53 16 13 35 29 11 25 9 4 36 26 25 37 12 22 28 39 19 8 11 34 27 31 16 27 16 16 16 26 27 26 49 13 22 13 24 34 35 17 12 33 41 12 40 49 51 29 21 35 0 15 9 16 22 23 37 21 30 18 21 28 34 17 22 40 41 12 13 27 43 31 36 32 28 22 15 
26 41 62 54 23 15 29 42 6 39 24 17 44 18 34 43 5 23 41 47 22 16 20 48 39 17 29 39 30 8 11 19 18 39 50 4 12 13 37 45 23 23 24 40 40 8 40 51 52 42 33 49 15 0 24 20 36 38 43 7 17 6 19 28 23 22 18 52 52 26 18 15 48 44 22 35 41 13 25 
49 35 40 52 18 17 39 21 19 17 2 10 32 32 25 33 20 24 21 35 24 14 11 25 20 38 9 22 8 23 22 31 33 18 48 21 30 19 19 28 41 17 7 30 42 19 41 47 50 21 14 27 9 24 0 21 13 16 34 29 37 26 24 29 40 21 27 33 34 7 19 34 40 23 44 31 19 29 12 
42 22 57 67 6 26 46 40 19 31 20 13 51 36 16 51 18 36 40 54 5 8 26 42 40 34 29 25 28 25 26 36 36 38 63 19 17 26 23 48 41 32 26 48 55 22 54 63 65 39 34 45 16 20 21 0 31 28 52 23 36 25 33 41 42 3 34 53 53 18 3 33 58 43 39 46 38 31 29 
61 39 28 54 27 27 48 12 31 7 14 22 30 43 29 32 32 32 13 33 34 26 20 13 15 51 12 20 8 35 33 41 44 11 51 34 42 30 17 23 53 24 15 31 47 31 45 49 52 10 12 15 22 36 13 31 0 8 34 42 49 38 34 36 51 31 37 26 25 14 29 46 40 14 56 34 9 40 18 
63 33 31 62 24 31 53 19 33 4 16 22 38 47 24 40 34 38 20 40 30 25 25 16 23 53 18 13 13 38 37 46 48 18 58 35 42 33 10 30 56 30 20 38 53 34 52 56 60 16 19 20 23 38 16 28 8 0 42 43 52 41 39 42 55 28 41 32 32 13 27 49 48 21 58 41 16 44 23 
59 68 42 22 51 29 31 26 39 40 35 40 6 35 59 3 40 22 25 7 56 45 27 36 21 49 27 52 31 37 34 33 36 25 19 41 54 31 50 16 45 22 28 5 20 36 17 16 20 29 24 32 37 43 34 52 34 42 0 47 44 40 27 19 41 53 29 22 23 40 50 42 7 26 52 11 29 37 24 
21 44 68 56 27 20 29 47 12 45 29 22 48 18 38 47 10 26 46 51 25 21 25 53 44 12 34 44 36 11 14 19 17 44 52 9 11 17 42 50 20 28 29 44 42 13 42 53 54 48 38 54 21 7 29 23 42 43 47 0 14 7 21 30 21 25 20 57 57 31 22 12 51 49 17 38 46 13 30 
15 57 73 48 40 23 19 52 20 53 37 32 47 11 50 45 20 24 51 49 38 32 30 59 47 6 39 55 42 15 17 13 9 49 45 18 23 21 53 51 7 29 35 42 34 19 36 47 47 53 42 59 30 17 37 36 49 52 44 14 0 13 19 26 9 38 16 59 60 41 34 4 47 54 9 35 52 10 34 
24 46 63 50 28 14 24 42 8 42 26 20 42 13 39 41 8 19 41 45 28 20 20 49 39 13 30 43 32 5 8 14 12 39 46 7 16 11 41 44 18 22 25 37 35 8 36 47 48 43 33 50 18 6 26 25 38 41 40 7 13 0 15 24 18 27 13 51 52 29 23 10 44 44 19 32 42 7 25 
33 54 55 36 35 9 16 34 16 39 25 24 29 11 45 27 17 6 33 32 37 26 15 43 29 23 24 45 27 11 9 9 12 32 32 17 29 8 42 33 21 12 20 24 23 12 23 33 35 36 25 42 21 19 24 33 34 39 27 21 19 15 0 10 19 35 4 41 41 30 31 17 31 36 27 18 35 11 17 
40 61 54 27 42 16 14 34 24 42 30 31 23 16 52 21 26 7 32 25 45 34 20 43 28 30 26 50 30 21 18 14 18 31 23 26 38 17 47 29 26 14 24 18 14 21 14 24 26 36 26 41 28 28 29 41 36 42 19 30 26 24 10 0 23 43 12 37 38 35 39 24 22 35 34 10 35 19 20 
20 63 73 42 45 25 12 52 25 56 41 37 45 10 56 42 26 23 51 47 45 37 32 61 47 13 41 60 45 19 19 11 8 49 39 24 31 23 57 50 5 30 37 39 28 23 30 41 41 54 43 60 34 23 40 42 51 55 41 21 9 18 19 23 0 45 16 58 59 45 41 10 43 54 14 32 53 13 35 
44 20 57 69 5 28 49 41 22 30 21 14 52 38 14 52 20 38 41 55 4 10 27 42 41 37 30 23 28 28 29 39 38 38 65 22 19 28 22 49 44 33 27 49 57 24 56 65 67 39 34 45 17 22 21 3 31 28 53 25 38 27 35 43 45 0 36 54 54 17 5 36 59 43 41 48 38 33 30 
31 55 58 37 36 11 14 37 16 42 27 25 32 7 46 30 17 9 36 34 37 28 18 46 32 20 26 47 30 11 9 6 9 35 33 16 28 10 44 36 18 15 23 27 23 13 24 34 36 39 29 45 22 18 27 34 37 41 29 20 16 13 4 12 16 36 0 44 44 32 32 14 33 39 25 20 38 9 20 
73 64 21 41 50 38 50 14 46 29 34 42 17 50 54 20 48 36 14 17 56 47 33 20 14 62 25 44 27 47 45 48 52 16 39 49 61 41 41 9 61 31 30 21 41 45 38 36 40 17 21 15 40 52 33 53 26 32 22 57 59 51 41 37 58 54 44 0 2 37 51 56 26 12 67 29 17 50 28 
74 64 20 42 50 39 51 14 47 29 34 43 18 51 54 21 49 37 14 18 57 47 33 19 15 63 26 44 27 48 45 49 52 17 40 50 61 41 41 10 62 31 30 22 42 45 39 37 41 17 21 15 41 52 34 53 25 32 23 57 60 52 41 38 59 54 44 2 0 38 51 57 27 12 68 30 17 51 29 
51 29 41 59 14 22 45 24 22 15 7 10 38 37 19 39 22 30 24 41 20 13 17 26 25 41 15 16 12 27 26 36 38 22 55 24 30 23 13 33 46 23 14 36 48 23 47 54 57 23 19 29 12 26 7 18 14 13 40 31 41 29 30 35 45 17 32 37 38 0 16 38 46 27 46 37 22 33 18 
41 24 56 65 6 24 44 39 17 30 18 11 49 34 17 49 16 34 38 52 7 6 23 41 38 33 27 25 26 23 25 34 34 36 61 18 17 24 23 46 40 30 24 46 52 20 52 61 63 38 32 44 13 18 19 3 29 27 50 22 34 23 31 39 41 5 32 51 51 16 0 32 55 41 38 44 37 29 27 
18 55 70 47 37 20 18 49 17 50 34 29 45 9 48 43 17 22 48 47 36 29 27 56 44 7 37 52 39 12 14 11 7 46 44 16 22 18 50 49 9 27 32 40 33 16 34 46 46 50 40 57 27 15 34 33 46 49 42 12 4 10 17 24 10 36 14 56 57 38 32 0 45 51 12 33 49 7 31 
61 74 46 16 57 34 32 32 43 46 41 46 12 37 65 9 45 26 31 10 61 50 33 41 27 52 33 59 37 41 38 35 39 31 14 45 58 36 56 21 47 27 34 11 18 40 16 10 14 35 30 38 43 48 40 58 40 48 7 51 47 44 31 22 43 59 33 26 27 46 55 45 0 31 55 14 35 40 30 
67 52 20 47 40 32 48 3 39 18 24 33 21 46 43 24 40 33 4 22 46 37 25 11 8 56 16 33 16 41 38 44 47 6 44 41 52 34 30 11 56 25 21 23 42 37 40 41 45 6 12 8 31 44 23 43 14 21 26 49 54 44 36 35 54 43 39 12 12 27 41 51 31 0 61 30 6 45 21 
7 59 80 55 43 31 26 59 26 59 44 37 55 19 54 53 25 32 58 58 40 36 37 66 55 6 47 60 49 22 24 21 17 56 52 24 24 28 58 59 10 37 42 50 41 26 43 54 54 60 50 67 36 22 44 39 56 58 52 17 9 19 27 34 14 41 25 67 68 46 38 12 55 61 0 43 59 18 41 
49 64 47 23 46 21 22 29 31 40 31 35 14 25 55 12 33 13 28 16 50 39 22 39 23 39 25 51 29 28 25 23 27 27 19 33 46 23 48 22 35 15 24 9 14 28 12 18 21 32 23 36 32 35 31 46 34 41 11 38 35 32 18 10 32 48 20 29 30 37 44 33 14 30 43 0 31 28 20 
65 47 22 49 35 29 48 4 36 14 20 28 24 44 38 27 37 32 5 26 41 32 23 9 9 54 13 28 12 39 36 43 46 5 46 38 48 32 25 16 55 24 18 25 44 35 42 44 47 2 10 9 28 41 19 38 9 16 29 46 52 42 35 35 53 38 38 17 17 22 37 49 35 6 59 31 0 43 19 
24 52 64 44 34 14 17 43 13 44 29 25 39 7 45 38 14 16 42 42 34 26 21 50 38 13 31 48 34 7 8 8 6 40 40 12 22 12 45 43 14 21 26 34 30 11 31 42 43 44 34 51 22 13 29 31 40 44 37 13 10 7 11 19 13 33 9 50 51 33 29 7 40 45 18 28 43 0 25 
47 46 40 42 28 12 31 19 19 23 12 17 23 27 36 23 21 15 18 26 33 22 6 27 15 36 7 32 11 21 19 25 28 16 38 22 34 15 29 21 37 7 5 20 31 18 30 37 40 20 9 26 15 25 12 29 18 23 24 30 34 25 17 20 35 30 20 28 29 18 27 31 30 21 41 20 19 25 0 
