4 1000 79 
1000 1000 1000 1000 
48 950 21 1011
55 1050 50 1084
65 627 75 700
20 873 55 905
67 1067 24 1111
25 880 35 941
23 733 45 806
67 561 74 610
77 811 29 869
23 886 51 922
29 445 28 511
10 753 12 814
78 560 12 652
56 459 25 520
43 1063 38 1126
18 437 33 484
21 989 62 1072
49 430 8 452
30 795 73 844
53 657 75 733
55 920 42 975
78 550 33 626
75 683 76 744
62 972 34 1029
25 1019 33 1052
4 1063 16 1114
43 583 19 643
55 632 39 670
42 470 71 508
32 1062 26 1122
37 698 19 722
56 618 29 661
34 1058 54 1101
13 907 53 948
55 825 69 851
53 853 15 887
57 1054 23 1131
27 661 52 722
34 1025 29 1075
38 1059 56 1105
15 548 8 588
12 771 22 803
61 648 30 694
10 820 52 875
16 1055 58 1097
71 911 69 939
29 1028 5 1062
69 453 9 483
45 609 5 650
39 977 29 1020
41 1000 18 1076
70 947 54 1039
14 1060 57 1142
63 452 19 512
34 999 28 1086
31 1045 29 1086
44 952 37 994
6 1025 56 1058
35 653 66 690
35 1011 38 1070
69 778 72 814
64 1055 54 1113
46 751 56 798
21 1041 69 1095
57 425 31 483
35 753 17 832
54 778 39 826
54 1073 8 1115
15 461 60 526
64 896 41 964
36 420 63 467
17 695 42 793
37 869 53 931
57 878 8 938
52 780 15 832
46 1053 41 1095
56 970 33 1022
32 895 7 983
72 483 9 550
14 664 4 685
11 939 72 970
39 459 29 505
40 463 44 521
36 582 56 632
43 671 49 725
41 478 67 521
6 1044 66 1070
16 587 13 621
72 539 14 621
14 705 59 791
47 913 61 975
18 446 7 509
76 626 57 697
4 1003 45 1035
13 918 29 973
43 825 30 858
49 1007 65 1050
16 1077 10 1130
23 484 32 528
15 1077 27 1135
53 552 12 626
19 602 24 655
46 1071 42 1129
39 944 22 1009
70 1026 9 1086
68 436 53 478
77 957 47 1030
11 1072 59 1118
17 674 36 762
30 530 44 584
78 473 21 549
31 652 52 705
50 787 77 842
70 769 52 864
55 950 46 972
69 1003 59 1056
76 778 7 831
9 816 18 863
43 1074 12 1112
75 1003 72 1040
45 550 22 610
6 832 57 899
42 956 9 1029
41 706 42 747
63 1046 11 1133
56 961 23 998
4 590 62 643
66 1035 35 1071
69 842 23 917
46 1020 65 1090
56 744 66 791
48 1078 12 1133
62 1031 63 1083
10 996 63 1058
5 768 35 808
45 766 25 813
60 847 13 916
43 537 21 608
21 849 48 895
27 841 49 886
61 474 72 501
47 980 10 1010
19 1005 9 1063
15 456 48 490
35 1032 12 1080
35 898 41 946
7 971 41 1066
17 1045 15 1113
41 621 21 697
25 793 69 806
27 842 71 906
56 468 70 536
31 449 45 474
62 423 65 496
20 1001 45 1018
11 455 24 525
48 1006 27 1064
48 515 32 563
19 585 6 653
38 750 57 784
31 889 51 938
73 602 33 646
66 451 65 502
33 856 68 906
21 758 59 789
61 592 26 666
30 536 38 603
36 549 63 613
48 704 52 743
29 621 64 677
23 755 73 833
68 1034 71 1081
42 710 16 752
25 814 31 857
41 515 27 586
17 1017 40 1062
66 561 76 598
58 554 40 606
19 1071 35 1133
52 967 70 1048
14 689 15 759
62 873 51 961
51 829 72 882
31 957 66 1023
42 820 72 892
11 1065 67 1128
9 540 28 606
45 709 30 754
24 587 46 648
40 668 76 699
78 1030 50 1081
13 458 26 508
21 444 13 466
40 1048 58 1130
57 887 73 945
65 1019 60 1080
21 829 61 858
67 744 36 788
44 933 8 1003
68 541 40 616
44 853 52 911
73 537 63 602
17 531 47 567
78 489 54 521
62 667 47 697
6 1010 9 1075
13 667 51 702
76 1008 30 1031
54 1074 27 1091
5 589 45 639
37 444 26 509
18 1051 13 1117
69 496 21 559
13 448 46 489
34 1053 20 1124
64 708 77 803
4 943 24 1031
31 746 53 819
61 941 14 1028
4 640 65 697
60 763 5 817
57 440 9 498
68 781 37 815
33 543 36 602
77 1075 66 1131
62 969 30 1009
75 586 44 652
72 756 27 832
31 973 41 1044
28 579 32 670
71 437 4 484
36 1074 53 1116
29 438 68 475
12 491 23 558
42 869 66 915
66 1005 49 1037
51 1027 23 1091
42 666 52 723
15 1045 72 1086
19 480 51 523
63 556 48 616
60 667 5 705
78 808 7 858
24 797 48 835
4 636 21 710
74 731 48 780
72 696 74 740
8 744 45 794
27 1034 24 1108
53 1046 18 1092
46 456 60 506
32 656 62 723
32 476 4 545
45 1023 48 1092
78 879 35 926
70 1025 6 1093
42 595 67 634
48 1012 24 1045
55 559 28 617
10 573 74 620
66 1056 49 1067
68 632 48 669
19 1003 59 1044
6 685 19 733
55 439 31 492
50 428 73 462
34 831 54 880
29 889 75 968
32 773 75 872
12 578 53 645
8 602 18 657
8 632 57 716
53 598 12 670
9 1069 74 1127
5 520 59 596
64 1068 57 1137
12 715 50 756
29 1039 17 1095
71 943 24 977
9 433 56 515
26 582 35 630
25 645 11 700
10 780 73 829
47 645 78 707
55 969 74 1016
17 476 60 520
21 978 75 1024
60 554 56 639
70 662 9 742
62 669 45 696
41 492 22 595
54 680 59 732
28 1031 42 1105
21 843 64 917
7 1062 9 1102
43 501 12 536
17 602 6 659
6 460 27 498
58 697 25 734
25 699 72 749
52 513 47 578
17 817 75 888
9 680 49 739
64 1076 68 1120
5 830 51 890
6 1024 40 1084
21 1047 70 1091
30 1030 15 1080
14 888 9 922
51 488 32 572
16 788 41 846
17 1048 44 1134
9 687 13 755
26 1073 72 1130
25 1022 40 1060
53 616 41 674
21 1056 68 1090
77 561 78 619
73 999 17 1063
17 542 21 627
34 836 4 899
27 578 37 617
29 850 67 909
27 599 48 649
34 446 9 513
31 666 22 729
67 980 78 1031
41 868 60 948
21 981 68 1029
10 993 22 1047
44 1052 68 1107
34 985 11 1055
47 503 66 563
34 915 70 988
8 911 29 962
43 474 72 524
11 449 52 529
36 800 30 847
12 1037 71 1068
27 714 58 784
55 545 60 602
61 506 7 567
64 1065 46 1120
76 424 20 454
12 439 7 507
6 813 53 859
71 911 60 961
12 957 73 988
63 1077 8 1099
71 631 17 712
71 487 32 570
21 1044 62 1121
10 966 56 1039
42 537 26 613
35 650 71 680
58 649 27 719
53 636 5 674
76 754 9 811
38 662 9 724
15 422 72 454
68 1027 14 1073
28 1043 19 1072
10 1076 38 1134
24 1046 6 1093
75 895 32 989
70 434 62 509
21 624 44 682
54 869 59 932
9 610 55 651
57 817 46 844
44 716 5 792
75 845 17 895
38 1041 36 1104
28 493 69 556
27 453 28 535
31 1005 32 1092
51 794 47 861
19 475 14 536
66 736 13 788
73 948 49 998
29 918 14 967
15 661 25 716
67 474 32 543
71 701 11 740
33 599 29 640
11 904 37 974
21 1009 7 1106
52 424 42 456
46 526 47 575
36 644 9 708
25 772 64 801
28 1038 23 1105
77 508 58 552
47 1036 22 1079
29 1058 56 1113
20 451 48 525
35 1079 11 1139
46 865 16 884
60 1073 50 1094
57 822 74 904
38 712 38 967
70 821 70 1008
57 349 57 544
26 1150 26 1423
78 711 78 938
65 699 65 928
40 335 40 575
62 434 62 633
59 1067 59 1311
20 370 20 569
78 833 78 1099
18 960 18 1256
76 825 76 1066
68 842 68 1123
5 741 5 946
35 1085 35 1311
54 1156 54 1444
34 904 34 1105
36 304 36 520
76 582 76 829
63 524 63 798
63 487 63 767
36 1083 36 1334
34 1195 34 1447
24 980 24 1220
32 565 32 828
67 1153 67 1418
18 353 18 550
29 753 29 952
75 825 75 1080
76 317 76 521
58 1006 58 1283
55 577 55 815
15 547 15 792
7 758 7 983
49 400 49 649
8 663 8 849
25 349 25 641
29 478 29 694
26 967 26 1147
54 644 54 863
56 825 56 1021
49 461 49 725
4 983 4 1221
5 395 5 650
17 424 17 712
42 1078 42 1284
30 686 30 973
37 312 37 536
38 592 38 814
54 431 54 655
36 918 36 1126
17 895 17 1194
24 385 24 663
44 1051 44 1309
61 700 61 965
26 329 26 583
51 902 51 1123
69 940 69 1152
20 1046 20 1315
35 915 35 1105
72 938 72 1189
32 785 32 1015
58 323 58 549
50 890 50 1182
9 890 9 1105
7 1166 7 1455
64 305 64 598
43 587 43 814
74 943 74 1203
64 599 64 883
75 662 75 889
26 703 26 967
14 381 14 586
63 1182 63 1478
18 1040 18 1275
22 445 22 682
7 648 7 907
30 995 30 1275
9 969 9 1168
65 1032 65 1227
78 1061 78 1340
45 871 45 1144
31 307 31 509
65 1008 65 1219
31 1178 31 1445
44 862 44 1071
7 1114 7 1398
15 1169 15 1353
40 639 40 850
47 691 47 914
25 683 25 932
48 703 48 931
30 461 30 645
56 678 56 974
21 335 21 551
76 1193 76 1453
6 1113 6 1349
20 684 20 869
7 1101 7 1286
25 1068 25 1278
62 461 62 710
8 331 8 521
49 649 49 854
15 1189 15 1403
43 328 43 596
6 497 6 759
54 588 54 870
68 646 68 895
66 948 66 1227
75 536 75 801
62 1001 62 1208
64 838 64 1109
64 918 64 1209
38 1156 38 1371
45 1162 45 1452
25 584 25 783
54 360 54 556
17 531 17 736
39 808 39 1009
72 450 72 676
66 1027 66 1296
74 494 74 685
62 792 62 1006
54 1076 54 1336
15 1032 15 1292
73 1069 73 1315
62 395 62 608
37 300 37 567
66 922 66 1171
73 1122 73 1318
48 469 48 748
12 1066 12 1365
15 331 15 531
63 931 63 1214
66 559 66 744
53 536 53 730
50 1131 50 1344
64 414 64 604
66 310 66 541
67 310 67 572
8 950 8 1220
15 443 15 741
45 1116 45 1391
22 541 22 764
44 525 44 745
61 509 61 739
35 662 35 872
38 1010 38 1245
71 1089 71 1388
29 778 29 1076
75 492 75 706
62 575 62 789
10 948 10 1237
31 640 31 887
70 1078 70 1317
35 975 35 1187
45 733 45 927
50 1076 50 1327
59 807 59 1058
26 1118 26 1378
64 815 64 1096
50 966 50 1212
23 724 23 993
24 748 24 941
72 330 72 621
46 492 46 754
75 819 75 1101
17 857 17 1152
58 889 58 1078
22 409 22 613
42 787 42 1017
29 827 29 1098
54 860 54 1042
36 770 36 1060
23 365 23 571
49 1068 49 1332
38 554 38 840
45 403 45 597
77 604 77 844
72 631 72 890
12 744 12 1013
53 772 53 991
64 916 64 1177
33 348 33 559
12 959 12 1207
30 1118 30 1392
58 448 58 648
9 531 9 761
58 1047 58 1261
25 393 25 589
16 319 16 598
55 410 55 597
12 920 12 1105
55 825 55 1005
31 707 31 977
46 958 46 1184
27 348 27 563
51 1058 51 1279
30 518 30 737
13 1144 13 1377
40 843 40 1123
53 810 53 1071
47 722 47 974
66 670 66 935
58 949 58 1222
59 608 59 851
45 847 45 1053
56 897 56 1182
24 823 24 1021
12 1050 12 1273
5 362 5 577
30 963 30 1238
73 1001 73 1248
28 395 28 664
19 601 19 837
27 412 27 654
13 547 13 812
68 864 68 1150
36 507 36 760
14 833 14 1033
64 1078 64 1290
23 1060 23 1248
44 379 44 567
32 694 32 947
64 1130 64 1406
6 1103 6 1375
18 809 18 991
15 437 15 677
58 611 58 908
22 735 22 1000
65 733 65 974
39 518 39 771
25 1085 25 1382
23 1036 23 1255
21 851 21 1135
58 965 58 1158
64 1105 64 1286
40 462 40 680
22 487 22 668
70 471 70 706
24 738 24 1034
10 769 10 995
15 1091 15 1319
67 1136 67 1375
36 597 36 784
11 1130 11 1398
77 508 77 697
24 317 24 614
35 309 35 571
20 1158 20 1437
71 390 71 609
54 420 54 608
8 714 8 898
46 623 46 895
37 379 37 619
65 437 65 651
20 405 20 628
36 1179 36 1427
78 1007 78 1249
34 321 34 553
24 1126 24 1401
38 877 38 1094
5 622 5 862
19 1193 19 1423
51 594 51 854
50 1116 50 1352
77 799 77 1041
4 920 4 1169
36 1137 36 1413
7 774 7 1032
28 834 28 1090
5 1033 5 1270
38 1144 38 1327
78 666 78 959
77 1060 77 1285
6 885 6 1136
15 1134 15 1396
51 602 51 861
21 1107 21 1399
7 1058 7 1294
65 413 65 664
29 576 29 839
38 365 38 626
36 657 36 856
50 684 50 930
7 1184 7 1452
4 355 4 600
41 802 41 1018
40 445 40 683
35 987 35 1169
65 1024 65 1221
10 769 10 1032
72 1073 72 1315
17 471 17 726
50 842 50 1029
62 534 62 759
25 672 25 895
52 862 52 1073
63 453 63 744
37 470 37 692
54 923 54 1183
11 346 11 611
15 658 15 900
77 497 77 760
24 420 24 636
13 1015 13 1293
34 768 34 980
61 752 61 979
56 866 56 1095
41 413 41 692
6 1159 6 1390
69 1063 69 1301
30 862 30 1067
59 957 59 1168
50 861 50 1052
19 688 19 965
30 930 30 1124
52 1030 52 1234
27 766 27 1014
47 687 47 976
51 1173 51 1416
73 1181 73 1389
39 804 39 1023
57 546 57 729
63 820 63 1095
10 1065 10 1361
73 677 73 965
56 1034 56 1307
58 420 58 671
75 1058 75 1318
11 1005 11 1263
60 692 60 920
12 841 12 1056
31 425 31 665
52 668 52 853
24 718 24 932
54 979 54 1161
50 641 50 889
59 1036 59 1269
49 997 49 1255
22 840 22 1122
59 1070 59 1266
46 1160 46 1448
16 928 16 1139
45 697 45 952
74 446 74 718
53 669 53 930
38 800 38 1082
60 626 60 882
74 1154 74 1413
9 406 9 651
32 839 32 1068
7 486 7 739
45 310 45 551
32 468 32 740
44 687 44 908
73 796 73 1012
45 480 45 695
67 531 67 716
6 427 6 646
15 321 15 511
62 923 62 1150
46 352 46 603
34 621 34 852
67 666 67 925
71 708 71 978
66 736 66 1007
21 1060 21 1353
15 585 15 863
12 588 12 859
32 498 32 724
11 1017 11 1271
42 1131 42 1414
47 1197 47 1466
62 566 62 834
62 485 62 781
10 1158 10 1452
5 975 5 1168
34 530 34 814
59 549 59 839
70 587 70 767
30 1074 30 1352
58 973 58 1165
75 406 75 605
35 419 35 665
71 633 71 887
27 471 27 680
63 529 63 782
62 927 62 1198
21 547 21 812
10 840 10 1099
23 327 23 544
54 621 54 857
8 1086 8 1267
35 914 35 1172
71 998 71 1200
12 1017 12 1203
25 894 25 1187
8 726 8 983
50 874 50 1171
12 489 12 684
18 619 18 875
6 749 6 1018
5 468 5 669
31 1138 31 1324
37 470 37 693
46 744 46 975
57 814 57 1030
49 324 49 594
42 811 42 1101
64 1131 64 1330
43 1017 43 1289
77 557 77 768
29 820 29 1012
62 469 62 673
36 1184 36 1475
21 377 21 659
9 780 9 1029
40 401 40 650
69 1007 69 1265
11 1179 11 1461
44 626 44 892
31 303 31 505
23 596 23 878
12 876 12 1092
41 875 41 1071
35 857 35 1085
11 922 11 1205
14 1121 14 1419
37 727 37 1025
45 398 45 593
11 558 11 843
60 608 60 906
67 344 67 525
30 706 30 903
25 905 25 1161
73 854 73 1115
31 854 31 1084
39 1064 39 1357
8 1167 8 1454
66 876 66 1070
4 652 4 883
20 604 20 903
20 333 20 575
72 1164 72 1355
54 471 54 741
70 920 70 1190
38 432 38 686
11 1124 11 1322
56 1069 56 1357
29 471 29 763
41 786 41 1068
9 527 9 814
39 373 39 570
55 1078 55 1263
67 700 67 995
21 508 21 723
30 322 30 552
69 444 69 696
61 706 61 895
72 1111 72 1357
58 659 58 907
42 851 42 1059
71 879 71 1084
17 973 17 1243
8 1093 8 1385
35 764 35 1035
17 665 17 880
38 1076 38 1274
78 972 78 1185
74 604 74 813
64 644 64 894
55 970 55 1256
33 816 33 1020
74 1114 74 1380
36 751 36 993
7 848 7 1037
24 1188 24 1408
18 323 18 533
7 704 7 995
52 855 52 1133
75 553 75 766
12 365 12 652
78 1094 78 1318
75 1063 75 1279
33 953 33 1137
62 791 62 997
58 1089 58 1352
12 763 12 984
58 831 58 1061
27 980 27 1274
25 426 25 653
49 608 49 858
45 843 45 1031
36 599 36 789
13 829 13 1123
43 506 43 758
56 571 56 786
57 1024 57 1309
9 679 9 922
34 625 34 884
75 740 75 925
42 898 42 1146
40 753 40 1013
14 397 14 652
13 652 13 858
56 1165 56 1351
64 571 64 841
33 646 33 943
42 806 42 1075
35 718 35 1002
24 675 24 873
52 356 52 609
69 840 69 1030
62 417 62 645
29 946 29 1193
61 639 61 882
53 825 53 1093
61 468 61 727
42 453 42 656
68 1137 68 1413
73 329 73 545
33 899 33 1178
35 549 35 799
54 781 54 1062
33 382 33 600
66 844 66 1051
63 1104 63 1339
50 573 50 764
16 441 16 629
45 317 45 578
24 416 24 605
50 640 50 871
27 675 27 872
47 1052 47 1338
53 486 53 752
47 1146 47 1435
61 744 61 983
69 391 69 637
53 1052 53 1324
19 657 19 840
48 697 48 911
62 1169 62 1401
77 445 77 721
36 752 36 1024
78 629 78 835
8 742 8 1024
22 766 22 947
48 955 48 1254
58 777 58 1073
72 1023 72 1300
77 462 77 679
17 908 17 1175
62 653 62 901
64 1025 64 1307
45 911 45 1118
34 1133 34 1406
17 1040 17 1254
23 908 23 1172
77 500 77 789
44 1162 44 1430
13 749 13 1043
40 895 40 1122
22 515 22 743
13 656 13 941
25 556 25 771
56 1052 56 1235
41 551 41 782
52 1109 52 1324
58 559 58 812
34 510 34 801
32 663 32 925
41 820 41 1064
19 1053 19 1264
18 632 18 905
29 598 29 887
75 666 75 956
35 1170 35 1395
37 605 37 839
14 999 14 1187
25 328 25 555
10 1162 10 1448
66 785 66 1024
13 342 13 522
36 570 36 774
23 883 23 1077
28 488 28 779
77 1077 77 1305
61 527 61 708
22 530 22 789
23 781 23 962
27 637 27 904
59 354 59 553
52 1133 52 1367
66 319 66 552
57 741 57 976
36 596 36 823
28 1179 28 1395
15 832 15 1119
0 61 86 61 71 65 37 82 49 71 74 26 53 28 74 23 46 82 57 46 71 37 62 42 37 52 63 66 48 53 65 64 59 57 37 36 32 51 27 28 72 26 21 66 22 71 41 61 38 54 63 22 45 41 64 45 21 32 31 29 65 28 70 62 72 48 53 24 35 50 55 35 35 42 47 61 65 20 65 
61 0 61 86 46 60 51 55 68 44 45 37 16 40 52 50 37 57 50 24 61 26 10 71 63 34 60 61 14 55 58 44 83 22 63 54 66 34 40 61 62 66 59 38 49 58 33 35 61 57 48 48 64 62 68 48 58 30 50 44 48 41 59 70 48 70 61 54 46 40 8 39 28 28 58 20 67 62 68 
86 61 0 61 17 26 51 7 51 18 17 68 50 60 13 64 42 6 30 49 20 62 52 61 58 37 29 26 60 37 26 23 59 42 58 53 65 38 61 64 20 70 69 26 65 18 49 31 56 37 24 65 52 53 36 42 68 68 57 58 22 60 19 40 16 54 41 64 52 37 59 52 61 50 45 42 34 72 34 
61 86 61 0 57 37 37 61 19 59 62 63 71 53 55 47 49 59 41 63 42 67 80 20 27 54 35 37 75 34 38 52 4 67 27 35 31 54 53 35 42 36 42 60 48 46 54 59 29 31 48 49 23 26 26 39 42 68 41 48 49 52 43 22 56 18 27 42 42 48 80 49 65 59 29 71 29 42 28 
71 46 17 57 0 22 38 12 44 3 5 52 34 45 7 50 27 13 19 33 19 46 37 52 48 21 23 23 44 27 21 8 55 26 47 41 54 23 46 53 20 58 56 10 51 15 33 14 45 29 12 51 43 44 33 29 55 51 43 43 10 45 17 36 3 46 33 51 38 22 43 37 45 34 35 27 31 59 32 
65 60 26 37 22 0 29 25 26 24 26 52 45 43 19 44 27 24 12 40 7 51 52 36 34 27 4 2 53 13 3 18 35 39 33 30 41 28 44 41 8 46 47 27 45 10 35 27 32 13 14 46 27 29 12 22 46 55 36 39 15 42 8 16 21 29 16 43 32 23 55 35 49 39 20 42 10 49 11 
37 51 51 37 38 29 0 47 20 39 42 28 36 18 40 16 17 47 22 28 35 31 46 22 14 23 27 30 39 17 29 31 34 35 13 4 18 22 18 15 36 21 19 35 17 35 18 31 11 18 28 18 15 12 29 10 18 33 7 13 30 17 34 28 38 20 18 15 6 18 44 13 29 23 12 39 30 22 30 
82 55 7 61 12 25 47 0 49 13 11 63 44 55 9 60 37 3 27 43 20 57 46 59 55 32 28 26 54 34 25 18 59 36 55 50 62 33 56 61 20 67 66 20 61 17 44 25 53 35 20 61 50 51 36 38 64 62 53 54 18 55 19 40 11 53 39 61 47 33 53 47 56 45 42 36 33 68 34 
49 68 51 19 44 26 20 49 0 45 48 46 53 36 42 31 32 48 26 45 32 50 62 11 13 37 23 26 57 18 26 37 16 50 13 18 19 36 36 22 32 25 29 45 33 34 36 42 13 16 33 34 6 10 18 21 29 51 24 31 35 35 32 15 43 4 11 27 24 31 62 32 47 41 12 54 20 30 20 
71 44 18 59 3 24 39 13 45 0 4 51 32 45 9 51 27 14 21 32 21 45 35 54 49 21 25 25 42 29 23 9 56 24 48 42 55 22 46 53 22 59 57 8 51 17 33 13 46 30 13 51 44 45 35 30 55 51 44 44 11 45 19 38 5 48 35 52 38 23 41 37 45 33 36 25 33 60 34 
74 45 17 62 5 26 42 11 48 4 0 54 34 48 9 54 30 12 23 34 22 48 37 57 52 23 28 27 44 31 25 12 59 26 51 45 58 25 49 56 24 62 60 10 54 18 35 16 49 33 16 54 47 48 37 33 58 53 47 46 14 48 21 41 6 51 37 55 41 26 43 40 47 36 39 26 35 63 36 
26 37 68 63 52 52 28 63 46 51 54 0 29 11 56 18 27 63 42 23 57 12 37 44 36 32 51 54 24 41 51 46 60 34 36 29 36 30 11 31 58 33 26 45 17 56 20 40 35 43 46 15 41 38 55 32 25 8 23 16 47 12 56 55 53 46 44 23 23 32 30 18 10 19 39 37 55 28 56 
53 16 50 71 34 45 36 44 53 32 34 29 0 28 40 38 22 45 35 10 47 18 11 57 49 20 45 47 11 40 44 31 68 9 49 40 52 19 29 48 48 53 47 25 38 44 19 21 47 42 33 37 50 47 53 33 46 24 36 31 34 29 45 55 35 55 46 42 32 25 11 25 19 15 43 10 52 50 53 
28 40 60 53 45 43 18 55 36 45 48 11 28 0 48 11 19 56 33 20 48 16 37 36 27 25 41 44 27 31 42 38 50 31 27 20 28 24 2 23 49 27 20 39 11 47 14 34 26 33 37 10 32 28 45 23 19 16 13 6 39 2 47 45 45 37 34 16 14 24 33 9 13 15 29 35 46 23 46 
74 52 13 55 7 19 40 9 42 9 9 56 40 48 0 53 30 8 19 38 14 51 43 52 48 25 21 19 50 27 18 11 52 32 47 42 55 27 49 54 15 59 58 16 54 10 37 20 46 28 12 54 43 44 30 31 57 56 45 46 10 48 13 33 6 45 32 53 40 26 49 40 50 39 35 33 27 61 28 
23 50 64 47 50 44 16 60 31 51 54 18 38 11 53 0 25 60 36 30 50 26 47 28 20 32 42 45 37 32 43 43 44 40 20 16 19 31 11 14 51 17 10 46 2 50 22 41 20 33 41 3 27 23 44 24 9 24 10 9 43 10 49 43 51 31 33 6 14 29 43 15 23 25 26 44 45 13 45 
46 37 42 49 27 27 17 37 32 27 30 27 22 19 30 25 0 37 17 15 31 24 31 36 29 8 26 29 28 19 26 20 46 20 29 20 34 7 20 31 32 36 32 22 26 30 8 16 27 21 19 26 29 27 33 11 31 28 19 18 21 19 30 34 27 34 25 27 14 6 32 11 23 12 21 24 33 35 33 
82 57 6 59 13 24 47 3 48 14 12 63 45 56 8 60 37 0 26 44 18 58 48 58 55 32 26 24 55 33 23 19 57 37 54 49 62 34 57 61 19 66 65 21 61 15 44 26 52 34 20 61 49 50 34 38 64 63 53 54 18 55 17 38 12 51 38 60 47 33 54 48 57 46 41 38 32 68 33 
57 50 30 41 19 12 22 27 26 21 23 42 35 33 19 36 17 26 0 30 16 40 43 34 30 17 11 13 43 9 10 13 38 29 29 24 36 18 34 35 17 41 40 20 37 15 24 19 27 11 9 37 25 25 19 13 39 44 28 30 11 33 14 22 19 29 15 35 23 13 45 25 39 28 17 33 18 43 19 
46 24 49 63 33 40 28 43 45 32 34 23 10 20 38 30 15 44 30 0 43 15 19 48 40 14 39 41 15 33 38 28 59 12 40 31 43 13 21 39 44 44 38 25 30 40 10 19 38 35 29 29 41 39 47 25 37 20 27 22 30 21 41 48 34 46 38 33 23 18 18 17 14 6 34 16 46 41 47 
71 61 20 42 19 7 35 20 32 21 22 57 47 48 14 50 31 18 16 43 0 54 53 42 40 29 10 7 56 20 8 18 40 40 40 36 47 30 49 47 2 53 53 25 51 5 39 27 38 19 14 51 33 35 17 27 52 59 41 45 14 47 3 21 17 35 22 49 37 26 57 40 53 42 27 42 15 55 16 
37 26 62 67 46 51 31 57 50 45 48 12 18 16 51 26 24 58 40 15 54 0 26 50 42 27 50 52 13 41 49 41 64 25 42 34 43 25 16 38 56 42 35 38 25 52 17 33 40 44 42 24 46 42 56 32 33 7 28 21 43 17 53 56 47 51 46 31 26 29 20 19 4 14 41 27 56 37 56 
62 10 52 80 37 52 46 46 62 35 37 37 11 37 43 47 31 48 43 19 53 26 0 66 58 27 52 53 15 48 50 36 76 14 58 49 62 27 38 58 54 63 57 29 47 49 29 26 56 51 39 46 59 57 61 42 55 31 46 41 39 38 51 63 39 64 54 52 42 33 10 35 28 24 51 12 60 59 61 
42 71 61 20 52 36 22 59 11 54 57 44 57 36 52 28 36 58 34 48 42 50 66 0 9 42 33 36 60 26 36 46 17 55 10 18 12 42 36 16 42 17 23 52 29 44 39 49 11 25 42 31 10 11 28 27 23 50 23 31 44 34 43 25 52 8 21 23 26 37 65 33 48 44 19 59 31 23 30 
37 63 58 27 48 34 14 55 13 49 52 36 49 27 48 20 29 55 30 40 40 42 58 9 0 35 31 34 51 22 33 40 24 48 1 10 8 35 27 10 40 14 17 46 22 41 31 43 4 22 37 23 9 6 29 20 17 42 15 22 39 26 40 27 47 12 19 16 18 30 57 25 39 36 14 52 30 19 30 
52 34 37 54 21 27 23 32 37 21 23 32 20 25 25 32 8 32 17 14 29 27 27 42 35 0 27 28 27 22 26 15 51 14 35 27 40 2 26 37 31 43 39 15 32 27 13 10 33 24 16 32 34 33 35 16 38 32 26 25 17 25 28 37 22 39 28 34 21 7 29 18 26 14 26 18 34 42 35 
63 60 29 35 23 4 27 28 23 25 28 51 45 41 21 42 26 26 11 39 10 50 52 33 31 27 0 4 53 11 4 19 32 39 31 28 38 27 42 38 10 44 44 27 43 12 33 27 29 11 15 43 24 26 11 20 43 53 33 37 16 41 10 14 22 26 13 40 30 22 55 34 48 38 18 42 9 47 10 
66 61 26 37 23 2 30 26 26 25 27 54 47 44 19 45 29 24 13 41 7 52 53 36 34 28 4 0 55 14 4 19 34 40 34 31 41 29 45 42 7 47 48 28 46 10 36 28 32 14 15 47 27 29 11 23 47 56 37 41 16 44 8 15 21 29 16 44 33 25 57 36 50 40 21 43 9 50 10 
48 14 60 75 44 53 39 54 57 42 44 24 11 27 50 37 28 55 43 15 56 13 15 60 51 27 53 55 0 46 52 40 72 19 51 42 53 27 27 49 57 53 46 35 37 53 23 31 49 49 42 35 54 51 60 38 45 18 38 31 43 28 54 62 45 59 52 42 35 32 8 27 15 17 47 20 60 49 60 
53 55 37 34 27 13 17 34 18 29 31 41 40 31 27 32 19 33 9 33 20 41 48 26 22 22 11 14 46 0 13 20 31 35 22 18 29 22 32 29 20 34 34 28 33 20 25 26 20 4 17 33 17 18 15 10 33 44 23 27 19 31 19 17 26 21 8 30 19 16 49 24 39 30 9 39 15 37 16 
65 58 26 38 21 3 29 25 26 23 25 51 44 42 18 43 26 23 10 38 8 49 50 36 33 26 4 4 52 13 0 17 35 37 33 30 41 26 43 41 8 46 46 25 44 9 33 26 31 13 12 45 27 29 13 21 45 53 35 38 13 41 8 17 19 29 16 42 31 22 54 34 48 37 20 40 11 49 12 
64 44 23 52 8 18 31 18 37 9 12 46 31 38 11 43 20 19 13 28 18 41 36 46 40 15 19 19 40 20 17 0 49 23 40 34 47 17 39 45 19 51 49 9 44 14 27 11 38 22 5 44 36 37 29 22 48 46 36 36 4 38 16 32 8 40 27 44 30 15 41 30 40 28 28 26 27 52 28 
59 83 59 4 55 35 34 59 16 56 59 60 68 50 52 44 46 57 38 59 40 64 76 17 24 51 32 34 72 31 35 49 0 64 24 32 28 51 50 32 40 33 39 57 45 43 50 55 25 28 45 46 20 23 24 36 40 65 38 45 47 49 41 20 54 15 24 39 39 45 76 46 62 56 26 68 26 40 25 
57 22 42 67 26 39 35 36 50 24 26 34 9 31 32 40 20 37 29 12 40 25 14 55 48 14 39 40 19 35 37 23 64 0 47 38 52 14 32 48 41 54 48 17 40 36 20 13 45 38 26 39 47 45 48 30 47 31 36 32 26 31 38 50 27 52 42 43 32 20 18 26 25 16 39 5 46 51 47 
37 63 58 27 47 33 13 55 13 48 51 36 49 27 47 20 29 54 29 40 40 42 58 10 1 35 31 34 51 22 33 40 24 47 0 10 9 34 27 10 40 14 17 46 22 41 30 42 3 21 37 23 8 5 28 20 17 42 15 22 39 26 40 26 47 12 19 16 18 30 56 25 39 35 14 52 30 19 30 
36 54 53 35 41 30 4 50 18 42 45 29 40 20 42 16 20 49 24 31 36 34 49 18 10 27 28 31 42 18 30 34 32 38 10 0 15 26 20 13 37 19 17 38 17 37 21 34 8 19 31 18 13 10 29 13 16 34 8 14 33 19 36 28 41 18 18 13 9 21 47 16 31 26 12 43 30 20 30 
32 66 65 31 54 41 18 62 19 55 58 36 52 28 55 19 34 62 36 43 47 43 62 12 8 40 38 41 53 29 41 47 28 52 9 15 0 40 28 6 48 7 13 52 20 48 34 48 10 29 44 21 16 13 36 26 13 42 17 23 46 27 47 33 54 17 26 14 21 35 59 28 40 39 21 56 38 13 37 
51 34 38 54 23 28 22 33 36 22 25 30 19 24 27 31 7 34 18 13 30 25 27 42 35 2 27 29 27 22 26 17 51 14 34 26 40 0 25 36 32 42 38 16 31 28 11 11 32 24 17 31 34 32 35 16 37 30 25 23 18 24 29 37 23 38 28 33 20 7 29 16 24 13 26 19 34 41 35 
27 40 61 53 46 44 18 56 36 46 49 11 29 2 49 11 20 57 34 21 49 16 38 36 27 26 42 45 27 32 43 39 50 32 27 20 28 25 0 23 50 27 20 40 10 48 14 34 26 34 38 9 32 28 46 23 18 16 13 6 40 2 47 46 46 37 35 15 14 25 34 10 14 16 29 36 46 22 46 
28 61 64 35 53 41 15 61 22 53 56 31 48 23 54 14 31 61 35 39 47 38 58 16 10 37 38 42 49 29 41 45 32 48 10 13 6 36 23 0 48 7 9 50 15 48 30 46 11 29 42 16 17 14 37 24 9 37 13 19 44 22 47 35 52 20 27 9 18 33 55 24 35 35 21 52 39 10 39 
72 62 20 42 20 8 36 20 32 22 24 58 48 49 15 51 32 19 17 44 2 56 54 42 40 31 10 7 57 20 8 19 40 41 40 37 48 32 50 48 0 53 54 27 52 6 40 29 39 20 16 52 34 36 17 28 53 60 42 46 16 48 4 21 19 35 23 49 38 28 58 41 54 43 27 43 14 56 15 
26 66 70 36 58 46 21 67 25 59 62 33 53 27 59 17 36 66 41 44 53 42 63 17 14 43 44 47 53 34 46 51 33 54 14 19 7 42 27 7 53 0 9 56 18 54 35 51 16 34 48 19 22 19 42 30 10 40 18 23 50 26 52 39 58 23 32 12 23 39 59 29 39 40 27 58 43 8 43 
21 59 69 42 56 47 19 66 29 57 60 26 47 20 58 10 32 65 40 38 53 35 57 23 17 39 44 48 46 34 46 49 39 48 17 17 13 38 20 9 54 9 0 53 11 53 30 48 18 35 47 12 25 21 44 28 2 33 14 17 49 19 52 42 56 28 33 6 20 35 52 23 32 34 28 53 45 4 45 
66 38 26 60 10 27 35 20 45 8 10 45 25 39 16 46 22 21 20 25 25 38 29 52 46 15 27 28 35 28 25 9 57 17 46 38 52 16 40 50 27 56 53 0 46 22 27 7 44 30 14 46 43 43 37 27 51 44 39 38 13 39 23 40 11 47 35 47 34 18 35 32 38 27 35 18 35 56 36 
22 49 65 48 51 45 17 61 33 51 54 17 38 11 54 2 26 61 37 30 51 25 47 29 22 32 43 46 37 33 44 44 45 40 22 17 20 31 10 15 52 18 11 46 0 51 22 41 21 34 42 2 28 24 45 25 9 23 11 9 44 10 50 44 51 32 34 7 15 30 43 16 23 25 28 44 46 13 46 
71 58 18 46 15 10 35 17 34 17 18 56 44 47 10 50 30 15 15 40 5 52 49 44 41 27 12 10 53 20 9 14 43 36 41 37 48 28 48 48 6 54 53 22 51 0 37 24 39 21 12 51 35 37 20 27 52 57 41 44 11 46 3 24 13 37 24 49 37 25 54 39 51 40 28 39 18 56 19 
41 33 49 54 33 35 18 44 36 33 35 20 19 14 37 22 8 44 24 10 39 17 29 39 31 13 33 36 23 25 33 27 50 20 30 21 34 11 14 30 40 35 30 27 22 37 0 21 28 28 27 21 32 30 40 17 28 21 18 14 28 14 37 41 34 37 30 25 14 13 27 8 15 6 26 24 39 33 40 
61 35 31 59 14 27 31 25 42 13 16 40 21 34 20 41 16 26 19 19 27 33 26 49 43 10 27 28 31 26 26 11 55 13 42 34 48 11 34 46 29 51 48 7 41 24 21 0 40 28 14 41 40 39 37 23 46 38 35 33 14 34 25 40 15 45 33 42 29 14 31 26 32 21 32 16 35 51 36 
38 61 56 29 45 32 11 53 13 46 49 35 47 26 46 20 27 52 27 38 38 40 56 11 4 33 29 32 49 20 31 38 25 45 3 8 10 32 26 11 39 16 18 44 21 39 28 40 0 20 35 22 8 4 27 18 17 41 13 21 37 25 38 26 45 12 17 16 16 27 54 23 38 34 12 49 29 20 29 
54 57 37 31 29 13 18 35 16 30 33 43 42 33 28 33 21 34 11 35 19 44 51 25 22 24 11 14 49 4 13 22 28 38 21 19 29 24 34 29 20 34 35 30 34 21 28 28 20 0 18 35 16 17 13 12 34 46 24 29 20 33 19 14 28 19 6 31 21 19 52 26 41 33 8 41 13 37 14 
63 48 24 48 12 14 28 20 33 13 16 46 33 37 12 41 19 20 9 29 14 42 39 42 37 16 15 15 42 17 12 5 45 26 37 31 44 17 38 42 16 48 47 14 42 12 27 14 35 18 0 42 33 33 24 19 45 46 34 35 3 37 13 27 11 36 23 42 29 15 43 29 40 29 24 29 23 49 24 
22 48 65 49 51 46 18 61 34 51 54 15 37 10 54 3 26 61 37 29 51 24 46 31 23 32 43 47 35 33 45 44 46 39 23 18 21 31 9 16 52 19 12 46 2 51 21 41 22 35 42 0 29 25 46 25 11 22 11 9 44 9 50 45 51 33 34 8 15 30 42 15 21 24 28 43 46 14 47 
45 64 52 23 43 27 15 50 6 44 47 41 50 32 43 27 29 49 25 41 33 46 59 10 9 34 24 27 54 17 27 36 20 47 8 13 16 34 32 17 34 22 25 43 28 35 32 40 8 16 33 29 0 5 21 18 24 47 20 27 35 31 34 19 42 6 12 23 20 28 58 28 43 37 10 51 23 26 23 
41 62 53 26 44 29 12 51 10 45 48 38 47 28 44 23 27 50 25 39 35 42 57 11 6 33 26 29 51 18 29 37 23 45 5 10 13 32 28 14 36 19 21 43 24 37 30 39 4 17 33 25 5 0 24 17 21 43 16 23 35 27 35 22 43 9 14 19 17 27 56 25 40 35 10 50 26 23 26 
64 68 36 26 33 12 29 36 18 35 37 55 53 45 30 44 33 34 19 47 17 56 61 28 29 35 11 11 60 15 13 29 24 48 28 29 36 35 46 37 17 42 44 37 45 20 40 37 27 13 24 46 21 24 0 24 43 58 35 41 26 44 18 5 32 21 12 41 33 30 63 38 53 44 18 51 3 46 3 
45 48 42 39 29 22 10 38 21 30 33 32 33 23 31 24 11 38 13 25 27 32 42 27 20 16 20 23 38 10 21 22 36 30 20 13 26 16 23 24 28 30 28 27 25 27 17 23 18 12 19 25 18 17 24 0 27 35 16 19 21 22 26 25 29 23 15 24 11 11 42 15 30 22 11 34 24 31 25 
21 58 68 42 55 46 18 64 29 55 58 25 46 19 57 9 31 64 39 37 52 33 55 23 17 38 43 47 45 33 45 48 40 47 17 16 13 37 18 9 53 10 2 51 9 52 28 46 17 34 45 11 24 21 43 27 0 32 13 16 47 18 51 42 55 28 33 5 18 34 51 22 31 32 27 51 45 5 45 
32 30 68 68 51 55 33 62 51 51 53 8 24 16 56 24 28 63 44 20 59 7 31 50 42 32 53 56 18 44 53 46 65 31 42 34 42 30 16 37 60 40 33 44 23 57 21 38 41 46 46 22 47 43 58 35 32 0 28 21 48 17 57 59 52 51 48 29 28 33 24 21 7 18 43 33 59 35 59 
31 50 57 41 43 36 7 53 24 44 47 23 36 13 45 10 19 53 28 27 41 28 46 23 15 26 33 37 38 23 35 36 38 36 15 8 17 25 13 13 42 18 14 39 11 41 18 35 13 24 34 11 20 16 35 16 13 28 0 8 36 12 41 34 43 24 24 9 7 22 43 12 25 23 18 41 36 17 36 
29 44 58 48 43 39 13 54 31 44 46 16 31 6 46 9 18 54 30 22 45 21 41 31 22 25 37 41 31 27 38 36 45 32 22 14 23 23 6 19 46 23 17 38 9 44 14 33 21 29 35 9 27 23 41 19 16 21 8 0 37 5 44 40 44 31 30 12 9 22 37 8 18 18 24 37 41 20 42 
65 48 22 49 10 15 30 18 35 11 14 47 34 39 10 43 21 18 11 30 14 43 39 44 39 17 16 16 43 19 13 4 47 26 39 33 46 18 40 44 16 50 49 13 44 11 28 14 37 20 3 44 35 35 26 21 47 48 36 37 0 39 12 29 9 38 25 44 31 16 43 31 42 30 26 29 24 51 25 
28 41 60 52 45 42 17 55 35 45 48 12 29 2 48 10 19 55 33 21 47 17 38 34 26 25 41 44 28 31 41 38 49 31 26 19 27 24 2 22 48 26 19 39 10 46 14 34 25 33 37 9 31 27 44 22 18 17 12 5 39 0 46 44 45 35 34 15 13 24 34 9 14 16 28 35 45 22 45 
70 59 19 43 17 8 34 19 32 19 21 56 45 47 13 49 30 17 14 41 3 53 51 43 40 28 10 8 54 19 8 16 41 38 40 36 47 29 47 47 4 52 52 23 50 3 37 25 38 19 13 50 34 35 18 26 51 57 41 44 12 46 0 22 16 36 23 48 36 25 55 39 51 40 27 40 16 55 17 
62 70 40 22 36 16 28 40 15 38 41 55 55 45 33 43 34 38 22 48 21 56 63 25 27 37 14 15 62 17 17 32 20 50 26 28 33 37 46 35 21 39 42 40 44 24 41 40 26 14 27 45 19 22 5 25 42 59 34 40 29 44 22 0 35 18 12 40 33 32 65 39 54 45 18 54 7 44 6 
72 48 16 56 3 21 38 11 43 5 6 53 35 45 6 51 27 12 19 34 17 47 39 52 47 22 22 21 45 26 19 8 54 27 47 41 54 23 46 52 19 58 56 11 51 13 34 15 45 28 11 51 42 43 32 29 55 52 43 44 9 45 16 35 0 46 32 51 38 23 44 38 46 35 34 28 30 59 31 
48 70 54 18 46 29 20 53 4 48 51 46 55 37 45 31 34 51 29 46 35 51 64 8 12 39 26 29 59 21 29 40 15 52 12 18 17 38 37 20 35 23 28 47 32 37 37 45 12 19 36 33 6 9 21 23 28 51 24 31 38 35 36 18 46 0 14 26 25 33 63 33 48 42 14 56 23 29 23 
53 61 41 27 33 16 18 39 11 35 37 44 46 34 32 33 25 38 15 38 22 46 54 21 19 28 13 16 52 8 16 27 24 42 19 18 26 28 35 27 23 32 33 35 34 24 30 33 17 6 23 34 12 14 12 15 33 48 24 30 25 34 23 12 32 14 0 30 22 22 55 28 43 35 7 45 13 35 13 
24 54 64 42 51 43 15 61 27 52 55 23 42 16 53 6 27 60 35 33 49 31 52 23 16 34 40 44 42 30 42 44 39 43 16 13 14 33 15 9 49 12 6 47 7 49 25 42 16 31 42 8 23 19 41 24 5 29 9 12 44 15 48 40 51 26 30 0 14 30 48 18 28 29 24 47 42 9 42 
35 46 52 42 38 32 6 47 24 38 41 23 32 14 40 14 14 47 23 23 37 26 42 26 18 21 30 33 35 19 31 30 39 32 18 9 21 20 14 18 38 23 20 34 15 37 14 29 16 21 29 15 20 17 33 11 18 28 7 9 31 13 36 33 38 25 22 14 0 17 40 8 24 19 16 36 33 23 34 
50 40 37 48 22 23 18 33 31 23 26 32 25 24 26 29 6 33 13 18 26 29 33 37 30 7 22 25 32 16 22 15 45 20 30 21 35 7 25 33 28 39 35 18 30 25 13 14 27 19 15 30 28 27 30 11 34 33 22 22 16 24 25 32 23 33 22 30 17 0 34 16 27 16 20 24 29 38 30 
55 8 59 80 43 55 44 53 62 41 43 30 11 33 49 43 32 54 45 18 57 20 10 65 57 29 55 57 8 49 54 41 76 18 56 47 59 29 34 55 58 59 52 35 43 54 27 31 54 52 43 42 58 56 63 42 51 24 43 37 43 34 55 65 44 63 55 48 40 34 0 33 22 22 52 18 62 55 63 
35 39 52 49 37 35 13 47 32 37 40 18 25 9 40 15 11 48 25 17 40 19 35 33 25 18 34 36 27 24 34 30 46 26 25 16 28 16 10 24 41 29 23 32 16 39 8 26 23 26 29 15 28 25 38 15 22 21 12 8 31 9 39 39 38 33 28 18 8 16 33 0 17 12 23 30 39 26 39 
35 28 61 65 45 49 29 56 47 45 47 10 19 13 50 23 23 57 39 14 53 4 28 48 39 26 48 50 15 39 48 40 62 25 39 31 40 24 14 35 54 39 32 38 23 51 15 32 38 41 40 21 43 40 53 30 31 7 25 18 42 14 51 54 46 48 43 28 24 27 22 17 0 12 38 28 53 35 54 
42 28 50 59 34 39 23 45 41 33 36 19 15 15 39 25 12 46 28 6 42 14 24 44 36 14 38 40 17 30 37 28 56 16 35 26 39 13 16 35 43 40 34 27 25 40 6 21 34 33 29 24 37 35 44 22 32 18 23 18 30 16 40 45 35 42 35 29 19 16 22 12 12 0 31 20 44 37 45 
47 58 45 29 35 20 12 42 12 36 39 39 43 29 35 26 21 41 17 34 27 41 51 19 14 26 18 21 47 9 20 28 26 39 14 12 21 26 29 21 27 27 28 35 28 28 26 32 12 8 24 28 10 10 18 11 27 43 18 24 26 28 27 18 34 14 7 24 16 20 52 23 38 31 0 43 19 30 19 
61 20 42 71 27 42 39 36 54 25 26 37 10 35 33 44 24 38 33 16 42 27 12 59 52 18 42 43 20 39 40 26 68 5 52 43 56 19 36 52 43 58 53 18 44 39 24 16 49 41 29 43 51 50 51 34 51 33 41 37 29 35 40 54 28 56 45 47 36 24 18 30 28 20 43 0 50 56 51 
65 67 34 29 31 10 30 33 20 33 35 55 52 46 27 45 33 32 18 46 15 56 60 31 30 34 9 9 60 15 11 27 26 46 30 30 38 34 46 39 14 43 45 35 46 18 39 35 29 13 23 46 23 26 3 24 45 59 36 41 24 45 16 7 30 23 13 42 33 29 62 39 53 44 19 50 0 47 2 
20 62 72 42 59 49 22 68 30 60 63 28 50 23 61 13 35 68 43 41 55 37 59 23 19 42 47 50 49 37 49 52 40 51 19 20 13 41 22 10 56 8 4 56 13 56 33 51 20 37 49 14 26 23 46 31 5 35 17 20 51 22 55 44 59 29 35 9 23 38 55 26 35 37 30 56 47 0 47 
65 68 34 28 32 11 30 34 20 34 36 56 53 46 28 45 33 33 19 47 16 56 61 30 30 35 10 10 60 16 12 28 25 47 30 30 37 35 46 39 15 43 45 36 46 19 40 36 29 14 24 47 23 26 3 25 45 59 36 42 25 45 17 6 31 23 13 42 34 30 63 39 54 45 19 51 2 47 0 
