4 1000 79 
1000 1000 1000 1000 
61 835 40 906
65 1075 15 1122
5 860 44 938
31 1044 46 1116
8 921 77 987
40 796 58 854
46 982 61 1033
56 1059 22 1091
5 689 34 749
26 669 61 723
5 783 18 816
32 442 25 531
77 802 40 886
66 620 67 678
76 615 26 681
6 799 28 864
44 501 76 569
60 897 30 960
45 609 58 673
60 595 11 665
60 461 7 539
14 1045 68 1091
28 733 59 792
26 586 68 658
39 749 7 799
71 936 44 989
61 757 6 781
4 420 12 478
55 970 60 1005
55 789 9 821
51 1079 56 1164
74 1020 50 1039
68 617 42 639
60 427 48 471
4 679 52 749
55 643 34 721
62 605 37 655
16 561 35 618
19 856 54 879
33 792 22 871
58 844 48 876
67 972 49 1054
37 917 63 983
64 1053 21 1087
63 749 12 807
54 872 10 930
31 951 72 1022
12 1078 43 1142
22 463 60 547
4 532 50 571
58 1029 15 1080
7 451 24 510
15 856 40 941
62 853 42 888
8 622 52 672
51 1020 37 1053
14 909 54 958
56 862 34 944
67 938 22 1005
30 424 8 515
24 431 21 479
43 525 20 566
50 478 73 514
56 787 24 818
11 644 37 697
54 425 70 472
40 473 8 485
7 675 6 758
24 1058 4 1097
11 486 42 520
64 831 75 882
58 821 67 851
60 776 30 839
4 765 16 831
67 477 23 551
6 970 30 1023
32 885 42 953
62 986 35 1039
72 754 70 850
11 486 35 542
12 572 9 602
65 817 51 924
22 1042 51 1117
71 736 46 785
10 667 31 686
69 798 20 874
53 639 42 695
35 601 8 658
78 908 29 965
37 860 34 888
56 1025 35 1087
21 875 37 907
18 639 70 676
52 601 9 632
33 528 20 593
57 974 9 1036
60 917 65 953
29 1070 51 1111
59 757 72 798
6 778 76 855
37 738 62 787
75 1002 61 1082
51 1071 42 1113
27 438 26 494
25 903 27 959
54 895 34 932
71 597 43 638
45 1077 44 1159
62 821 31 885
56 904 69 966
34 1063 5 1150
21 904 75 953
33 763 65 819
26 922 17 1003
39 441 5 512
52 873 69 922
50 431 39 475
30 853 59 903
34 430 28 492
20 744 48 812
68 442 8 497
18 979 32 1012
19 641 51 680
58 496 15 557
4 1051 63 1093
55 703 59 735
36 984 10 1022
67 477 76 567
66 770 15 842
14 542 12 615
13 604 26 689
25 930 17 1026
65 748 74 807
46 783 12 846
63 589 22 667
15 716 74 753
50 769 58 828
75 749 35 773
63 953 73 1000
75 784 53 840
70 1043 35 1118
39 622 9 659
75 952 53 1009
65 846 62 904
13 437 29 487
44 832 29 907
42 932 25 988
30 627 46 657
74 783 51 854
29 703 34 753
12 585 26 607
6 1053 77 1077
58 1073 18 1106
59 855 72 884
64 944 67 1035
32 480 58 528
37 664 68 710
20 809 18 860
45 947 23 1016
22 1007 65 1092
55 977 13 1055
11 462 32 536
67 1042 34 1132
78 458 64 540
55 496 51 551
37 576 62 633
65 989 48 1036
63 753 58 799
67 628 61 673
32 692 28 747
59 478 40 521
20 466 11 490
14 942 48 997
21 996 27 1044
43 621 32 648
58 420 63 456
38 933 39 965
47 886 22 916
40 783 53 828
11 587 44 661
43 1033 47 1088
15 442 65 492
10 881 62 935
7 840 21 896
55 435 19 497
36 964 48 1011
74 728 77 788
74 1031 55 1072
67 427 48 486
47 486 54 540
27 695 37 758
24 454 69 481
16 745 63 803
5 686 72 721
41 437 68 496
41 1032 36 1101
31 840 40 906
8 1038 74 1099
73 1043 10 1098
63 1035 15 1105
76 478 18 538
68 698 23 745
43 845 66 909
33 952 40 1011
76 851 69 911
12 1054 26 1097
6 658 20 729
74 430 70 466
40 710 22 795
45 1006 66 1046
61 751 12 820
8 463 13 551
46 644 39 706
48 1076 31 1101
26 769 72 826
48 967 5 1027
34 493 59 540
58 878 21 950
49 851 9 910
26 836 70 892
37 1066 46 1101
75 574 40 625
5 978 59 1046
68 1041 26 1104
72 1070 31 1153
9 997 12 1022
73 705 66 774
34 463 37 510
4 825 31 884
12 782 76 841
25 906 27 961
63 968 53 1013
44 433 64 464
40 652 25 691
67 723 27 777
28 1031 61 1101
38 1069 64 1117
77 444 32 477
56 902 8 974
7 1062 74 1095
74 1025 63 1082
60 865 56 923
48 450 10 505
75 717 36 763
22 644 48 714
63 1018 30 1074
39 1069 72 1130
47 881 64 950
29 968 71 1016
62 793 63 838
27 937 74 972
15 1070 66 1151
5 891 30 969
30 562 63 621
33 1055 76 1109
8 570 41 608
45 605 43 674
29 981 15 1069
4 771 69 831
37 789 77 869
40 784 41 812
37 898 24 929
27 1059 16 1095
40 1038 30 1131
60 605 51 675
78 519 47 590
65 812 49 893
37 641 76 686
19 876 16 926
25 614 62 642
77 485 66 569
75 616 16 655
19 464 50 527
44 560 9 635
61 644 46 693
32 553 29 617
32 597 58 632
33 589 63 613
70 503 65 546
10 493 68 575
52 977 72 1012
4 539 31 591
5 501 43 548
5 690 73 768
45 969 44 1030
41 919 66 959
62 805 13 862
41 672 44 752
61 1061 39 1123
40 721 62 766
22 580 57 615
12 1061 36 1085
47 811 30 843
73 845 38 903
22 590 50 645
57 1033 33 1092
24 714 63 755
75 458 20 488
21 693 60 766
27 1037 73 1107
7 1057 11 1113
65 960 28 1029
46 1036 63 1123
21 467 59 486
5 548 31 593
17 679 16 765
26 439 25 477
23 735 7 751
32 458 8 525
26 679 37 745
68 632 9 682
49 514 47 564
24 911 72 979
46 851 11 914
47 599 24 628
42 517 31 587
75 506 60 569
25 729 57 784
18 463 50 513
12 918 14 989
68 795 39 820
72 568 17 653
4 655 30 699
23 836 41 887
69 613 60 635
69 927 47 992
27 425 5 459
66 697 29 739
18 514 31 540
19 422 40 494
21 1043 26 1115
66 1058 73 1131
22 857 59 916
68 555 36 643
51 624 66 684
68 780 69 836
38 566 75 619
55 964 44 1040
60 870 4 942
69 908 27 953
63 843 44 901
43 533 38 586
21 937 73 1022
72 746 32 831
36 1053 59 1119
68 1071 51 1120
30 677 9 734
61 960 23 1021
17 449 42 517
61 505 50 540
15 951 62 1027
9 463 35 507
45 558 59 603
67 1055 48 1110
8 442 55 480
11 806 75 820
61 900 14 979
6 1074 54 1139
20 688 6 739
67 725 28 778
18 714 57 774
46 613 35 684
64 565 46 616
37 563 4 622
45 759 78 808
77 888 75 961
78 890 10 957
4 869 69 924
13 767 11 819
69 755 72 806
69 954 74 1010
19 984 60 1058
48 546 50 572
69 470 53 505
47 539 35 580
64 424 14 459
10 1076 51 1162
20 835 53 870
4 453 5 527
24 1039 5 1111
8 906 52 953
19 744 73 806
17 985 57 1040
10 794 36 835
71 952 72 1020
59 1003 58 1066
43 476 64 538
54 986 28 1035
54 504 43 562
58 652 62 699
50 990 46 1030
34 695 71 719
60 922 65 959
51 434 40 501
31 666 35 731
51 849 32 917
43 567 50 591
5 1001 73 1046
75 507 34 540
32 544 30 603
4 893 4 1180
49 684 49 973
65 988 65 1255
22 1011 22 1195
4 560 4 846
33 372 33 655
72 920 72 1140
48 342 48 539
35 845 35 1117
78 818 78 1001
53 783 53 1078
62 1191 62 1414
11 806 11 1011
11 338 11 634
39 1009 39 1234
43 1102 43 1362
18 803 18 1016
37 850 37 1033
15 683 15 914
60 428 60 696
38 1116 38 1335
49 1130 49 1379
29 628 29 808
76 485 76 749
68 1162 68 1422
74 685 74 881
36 1197 36 1391
28 1192 28 1474
51 429 51 672
78 569 78 858
17 1196 17 1479
22 467 22 759
59 492 59 710
25 644 25 895
24 484 24 752
21 974 21 1163
53 483 53 738
41 1022 41 1228
26 346 26 537
14 1106 14 1391
34 578 34 858
31 1124 31 1400
15 649 15 867
9 478 9 679
69 635 69 840
67 1166 67 1447
56 536 56 736
35 705 35 946
43 302 43 567
8 657 8 952
40 349 40 631
15 1129 15 1376
57 786 57 974
42 976 42 1236
71 858 71 1141
14 421 14 631
70 368 70 657
69 562 69 778
39 803 39 1073
5 378 5 611
55 1187 55 1426
49 869 49 1153
77 1191 77 1436
42 997 42 1247
49 1070 49 1356
27 485 27 705
19 380 19 669
76 1018 76 1235
36 966 36 1205
13 563 13 800
27 1171 27 1403
42 352 42 558
24 1008 24 1264
58 1078 58 1312
18 1198 18 1405
34 310 34 597
61 400 61 684
37 1089 37 1314
48 971 48 1159
36 312 36 596
48 621 48 880
22 796 22 992
64 906 64 1105
50 978 50 1186
37 441 37 644
29 1108 29 1318
11 1067 11 1273
56 715 56 928
68 1101 68 1368
59 544 59 780
59 862 59 1057
50 623 50 847
29 853 29 1069
58 715 58 895
55 997 55 1216
15 913 15 1149
73 622 73 844
51 976 51 1264
54 336 54 525
5 567 5 809
69 348 69 624
35 498 35 735
9 844 9 1136
73 911 73 1132
45 839 45 1083
26 1016 26 1295
19 386 19 652
30 810 30 1094
44 331 44 553
77 1112 77 1357
20 311 20 530
4 1184 4 1440
17 381 17 637
65 513 65 698
51 841 51 1115
14 1135 14 1403
41 558 41 747
51 723 51 945
48 344 48 610
64 437 64 657
27 741 27 972
16 709 16 953
22 375 22 611
10 1098 10 1320
61 1044 61 1334
33 1109 33 1315
21 454 21 679
76 575 76 812
35 792 35 999
47 407 47 705
66 820 66 1024
51 607 51 803
24 847 24 1136
5 544 5 769
11 528 11 823
46 703 46 926
23 468 23 739
65 746 65 927
43 1133 43 1333
63 395 63 591
45 614 45 877
48 1034 48 1266
15 976 15 1167
48 551 48 783
58 684 58 968
63 693 63 985
50 477 50 666
66 1156 66 1371
32 780 32 960
62 576 62 813
7 589 7 792
69 522 69 781
41 381 41 654
31 563 31 838
60 724 60 1001
44 516 44 705
25 392 25 681
19 305 19 533
24 478 24 721
71 1155 71 1371
77 752 77 1020
68 1015 68 1255
58 1093 58 1352
28 907 28 1133
73 1077 73 1279
36 423 36 700
23 588 23 849
58 388 58 682
8 578 8 816
24 787 24 1036
6 963 6 1255
43 989 43 1202
34 1190 34 1458
78 991 78 1212
41 341 41 554
70 1055 70 1297
24 853 24 1063
27 644 27 835
52 932 52 1186
27 1020 27 1312
31 1053 31 1315
74 952 74 1201
46 693 46 874
4 1038 4 1316
15 1068 15 1296
73 919 73 1117
47 974 47 1257
25 437 25 622
28 1009 28 1195
33 547 33 791
8 399 8 636
9 422 9 697
48 903 48 1097
62 600 62 860
32 869 32 1107
75 538 75 723
71 695 71 914
71 758 71 1003
18 755 18 965
5 798 5 997
75 489 75 694
9 461 9 667
35 768 35 1027
60 871 60 1063
59 734 59 1013
44 768 44 1035
49 1158 49 1447
25 367 25 632
38 645 38 892
17 454 17 725
41 529 41 802
67 412 67 651
77 687 77 941
45 1034 45 1306
33 472 33 668
29 998 29 1279
19 303 19 540
40 357 40 647
73 429 73 695
17 600 17 887
41 795 41 1043
76 1090 76 1316
45 1104 45 1386
47 362 47 603
16 892 16 1081
25 994 25 1277
71 705 71 936
20 482 20 774
50 632 50 833
15 570 15 839
11 963 11 1237
41 1181 41 1364
73 578 73 786
37 635 37 909
38 980 38 1228
50 886 50 1122
63 993 63 1271
24 436 24 703
43 873 43 1064
49 751 49 1032
28 454 28 669
10 459 10 699
61 820 61 1013
51 472 51 717
33 431 33 671
12 314 12 496
47 567 47 795
75 1192 75 1472
73 888 73 1128
61 361 61 585
6 417 6 613
72 950 72 1161
43 417 43 656
25 610 25 874
62 831 62 1022
5 609 5 855
41 739 41 980
44 1089 44 1377
17 677 17 866
70 1180 70 1436
9 306 9 552
45 674 45 948
72 712 72 921
12 362 12 586
6 363 6 637
13 480 13 687
38 408 38 615
49 670 49 880
42 346 42 638
9 1052 9 1311
24 339 24 582
31 611 31 841
14 735 14 956
57 983 57 1172
16 1064 16 1346
16 739 16 1013
61 829 61 1117
21 781 21 962
22 706 22 971
55 318 55 605
19 565 19 805
58 651 58 922
12 410 12 665
70 510 70 806
65 948 65 1159
40 824 40 1076
36 428 36 613
31 362 31 616
42 557 42 830
20 724 20 981
16 310 16 503
31 900 31 1156
44 387 44 587
48 383 48 582
77 1127 77 1330
77 772 77 1012
33 738 33 969
26 1089 26 1299
74 322 74 591
46 934 46 1159
47 1154 47 1383
50 691 50 937
25 822 25 1095
58 472 58 764
72 672 72 886
40 401 40 629
23 1103 23 1288
31 1114 31 1347
29 1105 29 1347
31 862 31 1161
35 1136 35 1382
54 1167 54 1433
77 1077 77 1287
23 955 23 1252
65 844 65 1115
17 669 17 936
72 560 72 800
25 580 25 830
66 424 66 722
17 825 17 1102
13 361 13 562
33 1113 33 1385
41 346 41 579
48 521 48 738
6 732 6 982
40 700 40 885
15 451 15 734
72 1155 72 1340
14 739 14 1016
5 622 5 821
17 619 17 880
59 375 59 586
53 757 53 979
68 873 68 1058
65 1114 65 1326
62 1156 62 1362
12 1117 12 1355
55 695 55 934
31 356 31 621
78 636 78 859
60 1054 60 1336
64 794 64 1061
65 466 65 755
12 1159 12 1364
72 893 72 1127
48 1144 48 1380
44 692 44 931
9 763 9 986
32 881 32 1083
10 1076 10 1336
67 346 67 529
77 962 77 1241
46 971 46 1266
56 339 56 589
44 647 44 871
49 896 49 1079
62 861 62 1093
76 1025 76 1268
42 1025 42 1304
67 571 67 820
34 1104 34 1374
27 608 27 865
73 487 73 698
74 437 74 665
17 818 17 1083
16 695 16 893
74 618 74 884
32 789 32 1039
56 463 56 751
72 559 72 762
25 1043 25 1258
64 555 64 786
74 1177 74 1454
64 972 64 1197
35 1119 35 1411
25 558 25 738
62 627 62 846
32 1184 32 1394
63 832 63 1051
33 404 33 604
58 503 58 773
60 1178 60 1402
74 611 74 847
71 637 71 868
52 867 52 1048
63 693 63 896
57 655 57 922
60 580 60 849
69 681 69 959
44 659 44 956
6 333 6 566
50 696 50 906
50 859 50 1153
53 953 53 1191
71 475 71 735
47 303 47 592
53 1015 53 1275
32 1140 32 1407
60 707 60 968
71 350 71 625
20 501 20 686
77 1043 77 1231
13 800 13 1006
21 665 21 910
62 434 62 624
60 1016 60 1250
29 608 29 813
9 756 9 1023
77 1173 77 1375
32 497 32 792
76 861 76 1061
10 1083 10 1279
18 365 18 627
70 1050 70 1323
15 1103 15 1340
60 831 60 1090
33 1178 33 1474
77 928 77 1222
5 335 5 572
29 923 29 1162
44 738 44 930
34 545 34 808
71 470 71 669
5 366 5 656
15 611 15 878
22 674 22 914
30 793 30 989
70 490 70 736
78 630 78 887
18 857 18 1100
28 756 28 1047
73 591 73 780
43 508 43 753
44 1077 44 1322
38 1163 38 1373
7 458 7 689
25 965 25 1222
4 1147 4 1436
22 372 22 562
10 546 10 816
61 355 61 646
12 869 12 1118
44 472 44 769
42 345 42 549
26 584 26 784
17 1178 17 1365
52 625 52 855
12 662 12 900
5 323 5 558
33 656 33 873
13 460 13 663
12 706 12 892
35 434 35 717
5 331 5 604
42 508 42 719
68 706 68 942
8 1157 8 1363
9 662 9 938
31 554 31 736
44 1166 44 1460
49 1128 49 1422
63 1109 63 1384
65 1038 65 1260
29 724 29 1008
77 362 77 577
47 810 47 1093
11 584 11 808
40 327 40 581
52 638 52 912
54 517 54 815
52 1128 52 1340
67 1030 67 1215
46 1067 46 1348
62 542 62 736
69 1051 69 1277
27 949 27 1172
11 796 11 1035
30 777 30 996
68 662 68 913
67 960 67 1205
73 1134 73 1401
24 1158 24 1372
12 336 12 520
72 1128 72 1370
63 490 63 731
48 1174 48 1434
40 565 40 759
75 906 75 1181
31 444 31 666
34 1163 34 1457
19 1187 19 1465
72 970 72 1207
26 901 26 1099
34 877 34 1115
24 1141 24 1336
7 809 7 1069
18 1101 18 1329
39 718 39 952
44 1135 44 1346
7 324 7 573
43 728 43 933
35 1020 35 1269
22 1123 22 1342
12 598 12 822
68 639 68 832
35 489 35 688
11 1159 11 1431
43 748 43 1002
49 408 49 639
73 516 73 728
33 437 33 637
16 1140 16 1398
32 692 32 984
65 388 65 622
35 1137 35 1377
67 863 67 1057
42 673 42 897
66 794 66 997
63 410 63 658
24 1148 24 1393
21 916 21 1161
69 924 69 1125
64 658 64 923
58 827 58 1059
55 736 55 949
9 1063 9 1327
12 1108 12 1355
69 411 69 597
61 692 61 883
21 469 21 755
74 1024 74 1280
5 1089 5 1331
6 616 6 798
41 502 41 801
34 478 34 749
34 489 34 785
76 414 76 605
28 1082 28 1326
65 481 65 743
47 1154 47 1370
28 570 28 782
17 505 17 779
72 834 72 1066
37 414 37 600
63 684 63 981
61 387 61 676
77 849 77 1129
78 812 78 994
62 813 62 1096
49 730 49 1013
11 1153 11 1450
78 619 78 904
33 1145 33 1337
72 628 72 830
20 309 20 575
54 381 54 680
69 1150 69 1334
47 1086 47 1275
28 651 28 847
42 521 42 809
42 900 42 1130
15 715 15 1006
71 1111 71 1345
61 429 61 706
33 898 33 1108
45 543 45 762
19 973 19 1153
21 943 21 1234
77 365 77 651
21 1033 21 1278
13 1095 13 1320
73 922 73 1193
74 1180 74 1415
42 1076 42 1262
66 935 66 1120
23 826 23 1051
44 378 44 625
75 563 75 857
9 802 9 1013
40 698 40 885
22 632 22 854
59 346 59 592
54 1150 54 1447
75 407 75 598
27 752 27 971
68 389 68 666
34 794 34 1039
69 843 69 1084
13 1164 13 1405
55 863 55 1161
47 1083 47 1338
78 1126 78 1425
49 684 49 958
17 448 17 636
52 1044 52 1289
9 757 9 1052
68 401 68 636
6 1094 6 1356
71 755 71 1041
35 1020 35 1226
0 61 86 61 63 21 50 71 12 30 43 35 24 60 67 69 26 74 36 45 23 44 65 68 56 20 14 30 71 25 60 38 60 31 56 44 21 52 49 53 8 30 49 44 63 17 75 68 47 60 58 60 24 33 41 22 74 54 36 41 37 48 33 43 56 51 40 38 59 45 62 55 26 58 54 33 52 50 17 
61 0 61 86 39 43 21 64 61 48 19 69 49 84 56 35 65 62 30 59 61 60 53 62 37 61 49 39 43 63 41 24 20 33 74 59 42 54 44 61 61 67 59 31 47 51 58 46 26 71 37 79 44 34 51 51 47 34 27 54 26 21 45 23 65 11 70 24 64 27 20 60 65 15 42 68 65 12 46 
86 61 0 61 27 68 48 24 78 57 63 66 63 60 21 27 70 17 57 47 69 49 23 25 33 72 74 58 20 69 28 64 42 61 50 48 69 37 38 41 81 68 43 46 24 70 13 19 46 42 32 52 64 58 47 65 16 36 61 48 63 50 54 54 41 62 62 64 37 47 42 38 69 48 33 66 45 59 74 
61 86 61 0 56 57 66 38 50 43 74 27 46 3 43 65 36 45 60 28 40 27 44 38 54 42 57 52 61 37 52 70 70 60 14 28 59 34 44 27 54 32 28 56 48 51 50 53 61 20 55 10 52 57 36 46 60 55 65 33 68 66 44 65 24 79 22 70 27 59 72 29 36 73 48 29 23 76 60 
63 39 27 56 0 44 22 27 56 35 38 50 41 55 19 10 51 25 31 33 49 35 16 25 8 51 50 34 10 50 5 38 19 36 43 34 44 24 17 30 59 51 31 21 10 47 20 9 21 38 6 48 40 33 28 43 13 10 35 31 37 25 32 29 33 37 48 39 31 22 20 28 51 24 11 50 35 34 49 
21 43 68 57 44 0 30 56 19 16 26 33 12 56 51 50 26 59 16 34 22 34 49 53 37 21 8 11 53 24 42 20 40 11 49 33 2 38 32 41 19 29 37 25 46 10 58 50 28 50 39 54 6 13 27 12 56 35 17 29 18 28 17 24 45 33 37 20 47 26 42 42 26 39 36 32 42 32 6 
50 21 48 66 22 30 0 46 47 30 17 51 33 64 38 23 48 45 16 39 45 40 35 43 18 45 37 23 29 46 23 18 11 20 54 39 30 34 24 41 48 49 39 11 30 37 41 30 6 51 19 59 29 19 31 35 33 15 17 34 17 4 27 9 45 16 51 18 45 8 13 40 47 10 22 50 44 13 35 
71 64 24 38 27 56 46 0 61 42 60 45 48 37 9 34 51 8 49 27 51 29 12 4 29 54 60 46 28 50 25 58 45 52 27 29 57 19 26 19 65 48 23 40 18 55 14 21 42 19 29 29 51 49 30 50 26 32 54 30 56 48 40 50 19 61 41 59 15 42 46 18 50 50 25 45 23 58 61 
12 61 78 50 56 19 47 61 0 22 43 24 16 49 59 63 15 65 32 35 12 34 56 58 49 9 13 25 64 14 53 37 56 28 46 34 19 43 41 43 5 19 39 39 55 11 67 60 43 50 51 50 19 29 32 14 67 48 34 32 36 45 25 40 46 51 29 38 49 41 58 45 15 55 46 23 42 49 17 
30 48 57 43 35 16 30 42 22 0 33 23 7 42 38 43 19 46 19 19 16 19 36 39 29 17 19 10 44 17 32 28 38 18 34 18 17 24 20 26 25 20 22 21 35 14 46 39 25 35 30 39 11 16 13 9 46 28 23 14 26 29 5 26 30 39 24 29 32 23 41 27 19 39 26 21 27 37 21 
43 19 63 74 38 26 17 60 43 33 0 55 33 73 53 39 49 60 16 48 45 49 50 57 33 45 31 24 45 47 38 7 24 17 63 48 25 46 36 52 44 52 49 22 45 34 57 46 19 62 34 68 27 19 39 35 49 30 11 42 9 14 31 11 56 9 57 7 56 19 26 51 49 20 36 53 55 8 28 
35 69 66 27 50 33 51 45 24 23 55 0 23 26 46 59 10 51 40 20 14 18 45 43 45 16 32 32 58 11 47 49 58 39 24 19 35 30 35 27 28 6 23 41 46 26 54 52 46 30 47 27 29 37 23 22 59 45 45 21 47 50 25 48 27 61 6 50 32 44 60 29 10 60 40 3 24 58 36 
24 49 63 46 41 12 33 48 16 7 33 23 0 45 45 48 17 52 20 24 13 24 42 45 34 14 14 11 49 15 38 28 42 17 38 23 13 30 26 32 19 20 28 24 41 8 52 45 29 40 36 43 7 16 19 3 52 32 23 19 26 31 10 28 35 40 26 28 38 26 44 33 17 42 31 21 32 38 16 
60 84 60 3 55 56 64 37 49 42 73 26 45 0 42 64 35 44 58 26 38 25 43 37 52 41 56 51 60 36 51 68 69 58 12 26 57 33 42 25 53 31 26 55 47 49 49 52 59 19 53 9 51 56 35 45 59 54 63 32 66 64 43 64 22 78 21 69 26 58 71 27 35 72 46 27 21 75 59 
67 56 21 43 19 51 38 9 59 38 53 46 45 42 0 26 50 8 43 27 49 29 4 7 21 52 56 41 20 49 17 52 37 46 31 28 52 17 21 20 62 48 23 33 10 51 10 13 35 24 21 34 46 43 28 46 18 24 48 28 50 40 36 43 22 54 42 52 18 35 38 18 49 42 18 46 24 51 57 
69 35 27 65 10 50 23 34 63 43 39 59 48 64 26 0 60 30 36 42 57 44 24 32 15 59 56 40 8 58 14 41 17 41 52 43 50 33 26 40 66 60 40 26 18 54 24 14 24 47 14 57 46 38 37 50 13 16 39 40 39 26 39 31 43 36 58 41 40 25 16 38 59 22 20 59 44 34 55 
26 65 70 36 51 26 48 51 15 19 49 10 17 35 50 60 0 56 36 25 5 23 48 48 46 7 24 27 60 3 48 44 56 33 32 23 27 34 36 32 19 5 28 39 49 18 58 54 44 37 47 36 23 32 25 16 61 45 39 23 42 47 23 44 34 56 15 44 38 41 59 34 2 57 41 9 30 54 28 
74 62 17 45 25 59 45 8 65 46 60 51 52 44 8 30 56 0 50 32 56 34 11 9 28 58 64 49 23 55 23 59 43 54 33 34 60 23 28 25 69 54 29 40 17 58 8 17 42 26 27 36 54 50 34 53 20 31 55 35 57 47 43 50 25 60 47 59 21 42 44 23 55 48 25 51 29 57 64 
36 30 57 60 31 16 16 49 32 19 16 40 20 58 43 36 36 50 0 33 32 34 40 46 25 32 22 10 40 33 30 11 25 6 49 33 16 33 24 39 34 38 35 12 36 22 48 39 13 48 26 54 15 4 25 22 43 22 7 28 9 14 17 9 42 22 42 12 43 11 28 38 35 24 26 39 40 19 20 
45 59 47 28 33 34 39 27 35 19 48 20 24 26 27 42 25 32 33 0 25 3 26 25 29 28 37 27 39 24 29 44 44 34 17 2 36 11 18 9 39 22 5 29 27 30 35 33 34 17 30 22 29 31 9 25 40 29 39 7 42 39 19 39 12 52 17 44 15 32 46 11 24 47 23 20 9 49 39 
23 61 69 40 49 22 45 51 12 16 45 14 13 38 49 57 5 56 32 25 0 23 47 48 43 4 20 23 58 3 46 39 53 29 35 23 23 33 34 33 16 9 29 36 47 13 58 53 40 39 45 38 19 28 23 11 60 42 35 22 38 43 20 40 35 52 18 40 39 38 55 34 5 53 39 12 31 50 23 
44 60 49 27 35 34 40 29 34 19 49 18 24 25 29 44 23 34 34 3 23 0 27 27 30 26 36 27 41 22 31 45 46 35 16 2 35 13 20 10 38 20 7 30 29 30 37 35 35 17 32 21 29 32 10 25 42 31 40 7 42 40 19 40 13 53 15 45 16 34 48 12 23 48 25 18 9 50 38 
65 53 23 44 16 49 35 12 56 36 50 45 42 43 4 24 48 11 40 26 47 27 0 10 18 50 54 39 18 47 14 49 34 43 31 27 50 15 18 20 60 47 22 30 7 49 11 11 32 25 18 35 44 40 25 44 17 21 45 27 47 37 33 40 22 51 41 49 18 32 35 18 48 39 15 44 24 48 54 
68 62 25 38 25 53 43 4 58 39 57 43 45 37 7 32 48 9 46 25 48 27 10 0 26 51 57 43 26 47 22 55 43 49 26 26 54 16 23 17 62 46 21 37 16 52 14 19 39 19 26 29 48 45 28 47 24 29 51 28 53 45 37 47 17 58 39 56 13 39 44 15 48 47 22 43 21 55 58 
56 37 33 54 8 37 18 29 49 29 33 45 34 52 21 15 46 28 25 29 43 30 18 26 0 45 43 27 16 44 6 33 18 29 41 29 38 21 12 28 52 45 27 14 13 40 25 15 15 37 3 46 33 26 23 36 20 4 29 26 31 20 25 23 31 33 44 33 30 16 20 26 45 22 7 44 32 30 42 
20 61 72 42 51 21 45 54 9 17 45 16 14 41 52 59 7 58 32 28 4 26 50 51 45 0 18 23 60 6 48 39 54 29 38 26 22 36 36 36 13 11 32 37 50 12 60 55 41 42 47 41 19 29 26 11 62 44 35 25 37 44 21 40 38 52 21 39 42 39 57 37 7 54 41 15 34 50 21 
14 49 74 57 50 8 37 60 13 19 31 32 14 56 56 56 24 64 22 37 20 36 54 57 43 18 0 17 59 22 48 26 47 18 50 36 8 42 37 45 13 28 40 31 51 8 64 56 34 53 45 55 11 20 31 13 62 41 23 32 24 35 22 30 48 39 36 26 50 32 49 45 23 45 42 30 44 38 5 
30 39 58 52 34 11 23 46 25 10 24 32 11 51 41 40 27 49 10 27 23 27 39 43 27 23 17 0 42 25 32 19 32 9 42 26 12 29 22 33 27 29 29 15 36 15 48 40 19 43 29 47 7 7 19 13 46 25 14 21 17 21 9 18 37 30 34 19 39 17 35 33 26 32 26 30 34 28 17 
71 43 20 61 10 53 29 28 64 44 45 58 49 60 20 8 60 23 40 39 58 41 18 26 16 60 59 42 0 58 13 46 23 44 48 41 53 30 25 36 67 59 37 29 14 55 17 8 28 42 15 52 49 41 36 51 5 19 43 38 44 31 40 36 38 43 55 46 35 29 23 34 59 29 19 57 40 40 58 
25 63 69 37 50 24 46 50 14 17 47 11 15 36 49 58 3 55 33 24 3 22 47 47 44 6 22 25 58 0 46 41 54 31 33 22 25 33 34 32 18 7 28 37 47 16 57 53 41 37 45 36 21 30 23 13 60 43 37 22 39 45 20 41 34 54 16 42 37 39 56 33 3 55 39 10 30 52 26 
60 41 28 52 5 42 23 25 53 32 38 47 38 51 17 14 48 23 30 29 46 31 14 22 6 48 48 32 13 46 0 38 22 34 40 30 42 20 13 27 56 47 27 20 8 44 20 9 20 34 5 44 37 31 25 40 15 9 35 27 36 25 29 28 30 38 45 38 27 21 23 25 47 26 8 46 31 35 47 
38 24 64 70 38 20 18 58 37 28 7 49 28 68 52 41 44 59 11 44 39 45 49 55 33 39 26 19 46 41 38 0 27 12 60 44 19 43 34 49 38 46 46 20 44 28 57 46 19 59 34 65 22 14 36 29 50 29 6 38 3 16 27 11 53 15 52 1 54 18 29 48 43 24 35 48 51 14 22 
60 20 42 70 19 40 11 45 56 38 24 58 42 69 37 17 56 43 25 44 53 46 34 43 18 54 47 32 23 54 22 27 0 30 58 45 40 37 27 45 58 57 43 19 28 46 38 27 14 54 18 62 38 28 37 44 28 16 26 40 26 13 35 18 48 21 58 27 47 16 3 43 56 6 24 57 48 18 45 
31 33 61 60 36 11 20 52 28 18 17 39 17 58 46 41 33 54 6 34 29 35 43 49 29 29 18 9 44 31 34 12 30 0 50 34 11 35 27 40 30 36 36 16 39 19 52 43 18 50 31 55 11 4 26 19 48 27 7 29 10 18 17 13 44 24 41 12 45 16 32 40 33 28 30 37 42 22 16 
56 74 50 14 43 49 54 27 46 34 63 24 38 12 31 52 32 33 49 17 35 16 31 26 41 38 50 42 48 33 40 60 58 50 0 17 50 21 31 14 50 29 16 44 36 44 39 41 49 9 42 6 44 47 25 39 48 43 55 22 57 54 34 54 11 68 19 60 14 48 59 16 32 61 35 25 10 65 53 
44 59 48 28 34 33 39 29 34 18 48 19 23 26 28 43 23 34 33 2 23 2 27 26 29 26 36 26 41 22 30 44 45 34 17 0 35 13 19 10 38 21 6 30 29 29 37 34 34 18 31 22 28 31 9 24 42 30 39 6 41 39 18 39 13 52 16 44 16 33 47 12 23 47 24 18 9 49 38 
21 42 69 59 44 2 30 57 19 17 25 35 13 57 52 50 27 60 16 36 23 35 50 54 38 22 8 12 53 25 42 19 40 11 50 35 0 39 33 43 20 31 38 25 47 11 59 50 28 52 39 55 8 13 29 13 56 35 16 30 18 28 18 23 46 33 38 19 48 26 42 43 27 38 37 33 43 31 6 
52 54 37 34 24 38 34 19 43 24 46 30 30 33 17 33 34 23 33 11 33 13 15 16 21 36 42 29 30 33 20 43 37 35 21 13 39 0 12 8 47 32 8 26 17 36 26 23 30 18 22 26 33 32 12 31 30 22 39 12 41 35 22 36 12 49 27 43 12 29 39 7 33 41 14 30 12 46 43 
49 44 38 44 17 32 24 26 41 20 36 35 26 42 21 26 36 28 24 18 34 20 18 23 12 36 37 22 25 34 13 34 27 27 31 19 33 12 0 19 44 35 17 15 15 33 27 20 19 28 13 36 27 23 12 28 27 12 29 15 31 25 17 26 22 38 33 34 22 18 29 17 35 31 7 34 22 35 37 
53 61 41 27 30 41 41 19 43 26 52 27 32 25 20 40 32 25 39 9 33 10 20 17 28 36 45 33 36 32 27 49 45 40 14 10 43 8 19 0 47 30 5 32 23 38 29 29 36 11 29 19 36 37 15 33 36 30 44 14 47 42 25 42 5 56 23 49 7 35 46 3 32 48 22 27 5 53 46 
8 61 81 54 59 19 48 65 5 25 44 28 19 53 62 66 19 69 34 39 16 38 60 62 52 13 13 27 67 18 56 38 58 30 50 38 20 47 44 47 0 23 43 41 59 13 70 64 45 54 54 54 21 31 36 17 70 50 35 35 37 47 28 42 50 52 33 38 53 43 60 49 19 57 50 27 46 50 17 
30 67 68 32 51 29 49 48 19 20 52 6 20 31 48 60 5 54 38 22 9 20 47 46 45 11 28 29 59 7 47 46 57 36 29 21 31 32 35 30 23 0 26 40 47 21 57 53 45 34 47 32 26 35 24 19 60 45 42 21 44 48 24 45 31 58 11 47 35 43 60 32 5 58 41 4 27 56 31 
49 59 43 28 31 37 39 23 39 22 49 23 28 26 23 40 28 29 35 5 29 7 22 21 27 32 40 29 37 28 27 46 43 36 16 6 38 8 17 5 43 26 0 30 25 34 32 30 34 14 28 21 32 33 11 29 38 28 41 9 43 40 21 39 9 53 20 46 11 33 45 7 28 47 21 23 6 50 42 
44 31 46 56 21 25 11 40 39 21 22 41 24 55 33 26 39 40 12 29 36 30 30 37 14 37 31 15 29 37 20 20 19 16 44 30 25 26 15 32 41 40 30 0 25 29 38 28 6 42 16 49 22 13 21 27 33 12 16 24 18 11 17 11 36 24 41 20 36 4 21 31 38 20 16 40 35 21 30 
63 47 24 48 10 46 30 18 55 35 45 46 41 47 10 18 49 17 36 27 47 29 7 16 13 50 51 36 14 47 8 44 28 39 36 29 47 17 15 23 59 47 25 25 0 47 14 7 27 30 12 40 41 36 25 43 14 16 40 27 42 31 31 35 26 45 43 44 23 27 29 21 48 33 11 46 28 42 51 
17 51 70 51 47 10 37 55 11 14 34 26 8 49 51 54 18 58 22 30 13 30 49 52 40 12 8 15 55 16 44 28 46 19 44 29 11 36 33 38 13 21 34 29 47 0 59 52 33 46 42 48 9 19 25 6 58 38 25 26 27 35 17 31 41 42 30 29 44 31 48 39 17 45 38 24 38 40 11 
75 58 13 50 20 58 41 14 67 46 57 54 52 49 10 24 58 8 48 35 58 37 11 14 25 60 64 48 17 57 20 57 38 52 39 37 59 26 27 29 70 57 32 38 14 59 0 12 39 31 24 41 54 49 36 54 14 28 53 37 55 44 43 47 30 56 51 57 26 39 39 27 58 43 23 54 33 53 64 
68 46 19 53 9 50 30 21 60 39 46 52 45 52 13 14 54 17 39 33 53 35 11 19 15 55 56 40 8 53 9 46 27 43 41 34 50 23 20 29 64 53 30 28 7 52 12 0 28 35 13 45 45 39 31 47 8 18 43 33 44 33 36 36 31 45 49 46 28 29 28 27 54 32 15 51 33 42 55 
47 26 46 61 21 28 6 42 43 25 19 46 29 59 35 24 44 42 13 34 40 35 32 39 15 41 34 19 28 41 20 19 14 18 49 34 28 30 19 36 45 45 34 6 27 33 39 28 0 46 16 54 25 16 26 31 32 12 16 29 17 7 22 9 40 20 46 19 40 3 16 35 43 15 18 45 40 17 32 
60 71 42 20 38 50 51 19 50 35 62 30 40 19 24 47 37 26 48 17 39 17 25 19 37 42 53 43 42 37 34 59 54 50 9 18 52 18 28 11 54 34 14 42 30 46 31 35 46 0 37 11 45 47 25 41 41 39 54 23 56 52 35 52 7 65 25 59 8 45 55 12 37 57 31 31 10 62 55 
58 37 32 55 6 39 19 29 51 30 34 47 36 53 21 14 47 27 26 30 45 32 18 26 3 47 45 29 15 45 5 34 18 31 42 31 39 22 13 29 54 47 28 16 12 42 24 13 16 37 0 46 35 28 25 38 18 5 31 27 32 21 27 24 32 34 45 34 30 17 19 27 47 22 8 46 33 31 44 
60 79 52 10 48 54 59 29 50 39 68 27 43 9 34 57 36 36 54 22 38 21 35 29 46 41 55 47 52 36 44 65 62 55 6 22 55 26 36 19 54 32 21 49 40 48 41 45 54 11 46 0 48 52 30 43 51 47 60 27 62 59 39 59 15 73 22 65 18 53 64 20 36 66 39 28 15 70 57 
24 44 64 52 40 6 29 51 19 11 27 29 7 51 46 46 23 54 15 29 19 29 44 48 33 19 11 7 49 21 37 22 38 11 44 28 8 33 27 36 21 26 32 22 41 9 54 45 25 45 35 48 0 11 22 8 52 31 17 23 20 27 12 23 39 34 32 22 42 23 41 36 23 37 32 28 36 32 12 
33 34 58 57 33 13 19 49 29 16 19 37 16 56 43 38 32 50 4 31 28 32 40 45 26 29 20 7 41 30 31 14 28 4 47 31 13 32 23 37 31 35 33 13 36 19 49 39 16 47 28 52 11 0 23 18 45 24 9 26 12 17 14 13 41 25 39 14 42 14 31 37 32 27 26 36 39 23 18 
41 51 47 36 28 27 31 30 32 13 39 23 19 35 28 37 25 34 25 9 23 10 25 28 23 26 31 19 36 23 25 36 37 26 25 9 29 12 12 15 36 24 11 21 25 25 36 31 26 25 25 30 22 23 0 20 38 23 31 4 33 31 11 30 19 44 22 36 21 24 39 15 24 39 18 22 16 41 32 
22 51 65 46 43 12 35 50 14 9 35 22 3 45 46 50 16 53 22 25 11 25 44 47 36 11 13 13 51 13 40 29 44 19 39 24 13 31 28 33 17 19 29 27 43 6 54 47 31 41 38 43 8 18 20 0 54 35 25 21 27 33 12 30 36 42 26 29 39 29 46 34 15 44 34 21 33 40 15 
74 47 16 60 13 56 33 26 67 46 49 59 52 59 18 13 61 20 43 40 60 42 17 24 20 62 62 46 5 60 15 50 28 48 48 42 56 30 27 36 70 60 38 33 14 58 14 8 32 41 18 51 52 45 38 54 0 22 47 40 48 36 43 40 38 47 56 50 34 33 28 34 61 33 22 59 40 44 61 
54 34 36 55 10 35 15 32 48 28 30 45 32 54 24 16 45 31 22 29 42 31 21 29 4 44 41 25 19 43 9 29 16 27 43 30 35 22 12 30 50 45 28 12 16 38 28 18 12 39 5 47 31 24 23 35 22 0 26 26 28 17 24 20 33 30 44 30 32 12 18 28 44 20 9 44 33 27 40 
36 27 61 65 35 17 17 54 34 23 11 45 23 63 48 39 39 55 7 39 35 40 45 51 29 35 23 14 43 37 35 6 26 7 55 39 16 39 29 44 35 42 41 16 40 25 53 43 16 54 31 60 17 9 31 25 47 26 0 33 4 14 22 9 48 18 47 6 49 15 28 44 39 24 31 43 46 16 20 
41 54 48 33 31 29 34 30 32 14 42 21 19 32 28 40 23 35 28 7 22 7 27 28 26 25 32 21 38 22 27 38 40 29 22 6 30 12 15 14 35 21 9 24 27 26 37 33 29 23 27 27 23 26 4 21 40 26 33 0 36 34 13 33 17 47 19 39 19 28 42 14 22 42 20 20 14 44 34 
37 26 63 68 37 18 17 56 36 26 9 47 26 66 50 39 42 57 9 42 38 42 47 53 31 37 24 17 44 39 36 3 26 10 57 41 18 41 31 47 37 44 43 18 42 27 55 44 17 56 32 62 20 12 33 27 48 28 4 36 0 15 24 9 51 16 49 4 51 16 28 46 41 23 33 46 49 14 21 
48 21 50 66 25 28 4 48 45 29 14 50 31 64 40 26 47 47 14 39 43 40 37 45 20 44 35 21 31 45 25 16 13 18 54 39 28 35 25 42 47 48 40 11 31 35 44 33 7 52 21 59 27 17 31 33 36 17 14 34 15 0 26 6 46 15 51 16 45 8 15 41 46 11 24 49 45 12 33 
33 45 54 44 32 17 27 40 25 5 31 25 10 43 36 39 23 43 17 19 20 19 33 37 25 21 22 9 40 20 29 27 35 17 34 18 18 22 17 25 28 24 21 17 31 17 43 36 22 35 27 39 12 14 11 12 43 24 22 13 24 26 0 23 29 37 27 27 31 20 37 26 22 36 22 24 26 34 22 
43 23 54 65 29 24 9 50 40 26 11 48 28 64 43 31 44 50 9 39 40 40 40 47 23 40 30 18 36 41 28 11 18 13 54 39 23 36 26 42 42 45 39 11 35 31 47 36 9 52 24 59 23 13 30 30 40 20 9 33 9 6 23 0 46 15 49 11 46 9 21 42 43 16 26 46 45 12 28 
56 65 41 24 33 45 45 19 46 30 56 27 35 22 22 43 34 25 42 12 35 13 22 17 31 38 48 37 38 34 30 53 48 44 11 13 46 12 22 5 50 31 9 36 26 41 30 31 40 7 32 15 39 41 19 36 38 33 48 17 51 46 29 46 0 60 23 53 5 39 50 6 34 52 25 28 5 57 50 
51 11 62 79 37 33 16 61 51 39 9 61 40 78 54 36 56 60 22 52 52 53 51 58 33 52 39 30 43 54 38 15 21 24 68 52 33 49 38 56 52 58 53 24 45 42 56 45 20 65 34 73 34 25 44 42 47 30 18 47 16 15 37 15 60 0 63 15 59 21 22 55 56 15 38 60 58 4 36 
40 70 62 22 48 37 51 41 29 24 57 6 26 21 42 58 15 47 42 17 18 15 41 39 44 21 36 34 55 16 45 52 58 41 19 16 38 27 33 23 33 11 20 41 43 30 51 49 46 25 45 22 32 39 22 26 56 44 47 19 49 51 27 49 23 63 0 52 27 44 60 25 15 60 38 8 19 60 39 
38 24 64 70 39 20 18 59 38 29 7 50 28 69 52 41 44 59 12 44 40 45 49 56 33 39 26 19 46 42 38 1 27 12 60 44 19 43 34 49 38 47 46 20 44 29 57 46 19 59 34 65 22 14 36 29 50 30 6 39 4 16 27 11 53 15 52 0 54 18 29 49 43 24 35 48 51 13 22 
59 64 37 27 31 47 45 15 49 32 56 32 38 26 18 40 38 21 43 15 39 16 18 13 30 42 50 39 35 37 27 54 47 45 14 16 48 12 22 7 53 35 11 36 23 44 26 28 40 8 30 18 42 42 21 39 34 32 49 19 51 45 31 46 5 59 27 54 0 39 48 6 38 51 24 32 9 56 52 
45 27 47 59 22 26 8 42 41 23 19 44 26 58 35 25 41 42 11 32 38 34 32 39 16 39 32 17 29 39 21 18 16 16 48 33 26 29 18 35 43 43 33 4 27 31 39 29 3 45 17 53 23 14 24 29 33 12 15 28 16 8 20 9 39 21 44 18 39 0 19 34 41 17 18 43 38 18 31 
62 20 42 72 20 42 13 46 58 41 26 60 44 71 38 16 59 44 28 46 55 48 35 44 20 57 49 35 23 56 23 29 3 32 59 47 42 39 29 46 60 60 45 21 29 48 39 28 16 55 19 64 41 31 39 46 28 18 28 42 28 15 37 21 50 22 60 29 48 19 0 45 58 7 26 59 50 19 47 
55 60 38 29 28 42 40 18 45 27 51 29 33 27 18 38 34 23 38 11 34 12 18 15 26 37 45 33 34 33 25 48 43 40 16 12 43 7 17 3 49 32 7 31 21 39 27 27 35 12 27 20 36 37 15 34 34 28 44 14 46 41 26 42 6 55 25 49 6 34 45 0 34 47 20 29 8 52 47 
26 65 69 36 51 26 47 50 15 19 49 10 17 35 49 59 2 55 35 24 5 23 48 48 45 7 23 26 59 3 47 43 56 33 32 23 27 33 35 32 19 5 28 38 48 17 58 54 43 37 47 36 23 32 24 15 61 44 39 22 41 46 22 43 34 56 15 43 38 41 58 34 0 56 41 9 30 53 27 
58 15 48 73 24 39 10 50 55 39 20 60 42 72 42 22 57 48 24 47 53 48 39 47 22 54 45 32 29 55 26 24 6 28 61 47 38 41 31 48 57 58 47 20 33 45 43 32 15 57 22 66 37 27 39 44 33 20 24 42 23 11 36 16 52 15 60 24 51 17 7 47 56 0 28 58 52 13 43 
54 42 33 48 11 36 22 25 46 26 36 40 31 46 18 20 41 25 26 23 39 25 15 22 7 41 42 26 19 39 8 35 24 30 35 24 37 14 7 22 50 41 21 16 11 38 23 15 18 31 8 39 32 26 18 34 22 9 31 20 33 24 22 26 25 38 38 35 24 18 26 20 41 28 0 39 26 35 42 
33 68 66 29 50 32 50 45 23 21 53 3 21 27 46 59 9 51 39 20 12 18 44 43 44 15 30 30 57 10 46 48 57 37 25 18 33 30 34 27 27 4 23 40 46 24 54 51 45 31 46 28 28 36 22 21 59 44 43 20 46 49 24 46 28 60 8 48 32 43 59 29 9 58 39 0 24 57 34 
52 65 45 23 35 42 44 23 42 27 55 24 32 21 24 44 30 29 40 9 31 9 24 21 32 34 44 34 40 30 31 51 48 42 10 9 43 12 22 5 46 27 6 35 28 38 33 33 40 10 33 15 36 39 16 33 40 33 46 14 49 45 26 45 5 58 19 51 9 38 50 8 30 52 26 24 0 55 46 
50 12 59 76 34 32 13 58 49 37 8 58 38 75 51 34 54 57 19 49 50 50 48 55 30 50 38 28 40 52 35 14 18 22 65 49 31 46 35 53 50 56 50 21 42 40 53 42 17 62 31 70 32 23 41 40 44 27 16 44 14 12 34 12 57 4 60 13 56 18 19 52 53 13 35 57 55 0 35 
17 46 74 60 49 6 35 61 17 21 28 36 16 59 57 55 28 64 20 39 23 38 54 58 42 21 5 17 58 26 47 22 45 16 53 38 6 43 37 46 17 31 42 30 51 11 64 55 32 55 44 57 12 18 32 15 61 40 20 34 21 33 22 28 50 36 39 22 52 31 47 47 27 43 42 34 46 35 0 
