4 750 79 
750 750 750 750 
50 508 26 542
59 558 78 610
25 444 18 505
20 496 37 547
77 645 56 728
40 987 24 1031
71 1059 18 1093
58 910 20 956
32 933 58 1003
67 727 29 774
75 475 15 533
21 1062 65 1124
25 540 74 601
18 623 41 675
49 606 41 675
70 826 59 904
41 442 55 487
69 521 43 599
31 1066 21 1082
30 1049 29 1093
49 1026 33 1062
16 862 12 954
52 447 60 479
71 1020 52 1085
26 952 41 977
5 490 48 538
9 888 23 962
55 1054 17 1106
24 1054 74 1111
33 424 31 465
17 603 36 651
33 1073 50 1134
57 997 16 1096
53 547 38 630
34 457 41 482
60 554 64 602
16 663 70 726
8 1039 30 1108
57 467 74 507
66 430 72 454
57 740 60 803
36 918 70 951
50 489 36 541
37 488 61 548
22 932 55 967
53 1020 17 1069
41 426 54 487
41 421 40 459
55 520 62 592
41 477 59 542
64 529 47 590
58 441 49 525
6 466 38 524
17 662 30 702
52 652 36 716
34 575 32 633
42 461 24 547
71 1068 22 1139
18 1040 39 1104
72 741 60 789
8 742 62 809
77 933 60 974
31 774 65 873
47 823 16 866
13 607 65 691
17 774 34 849
60 1002 76 1072
51 468 67 491
8 883 75 985
45 420 71 488
61 1000 41 1046
43 716 41 750
5 1028 49 1103
20 759 62 785
41 766 6 844
60 1066 74 1097
75 1061 29 1106
25 562 26 585
67 481 40 537
78 578 29 626
35 1025 21 1050
6 422 59 435
25 466 64 521
78 996 58 1031
69 688 48 742
17 785 37 848
75 990 15 1045
25 428 4 474
37 999 68 1055
55 1014 10 1065
46 855 73 911
31 579 52 614
60 456 58 493
47 1032 66 1054
29 450 77 497
45 1054 62 1091
46 976 23 1052
16 860 67 916
70 1065 48 1116
6 853 28 906
68 1029 17 1095
24 511 22 540
24 676 61 740
61 1064 12 1092
16 763 12 840
60 598 54 650
52 472 74 529
17 456 6 495
78 1055 58 1117
62 884 70 915
60 446 75 483
47 925 31 956
75 725 31 758
10 987 53 1032
63 858 65 917
24 579 58 641
61 1068 25 1139
6 469 45 522
27 828 15 879
25 868 49 917
8 466 25 539
20 963 14 1015
16 430 38 489
37 482 46 532
33 1018 53 1063
27 1022 39 1085
34 812 13 836
5 1007 41 1056
65 1013 36 1077
30 459 48 517
48 1061 36 1106
31 763 40 838
55 654 15 726
60 1029 37 1078
52 459 27 517
58 446 4 519
19 830 69 901
6 420 20 477
71 995 24 1035
19 716 61 784
7 421 77 509
73 701 72 753
4 1067 22 1104
19 734 34 788
67 794 69 877
26 863 71 905
25 660 61 729
56 823 68 889
39 752 26 790
64 500 6 568
52 1056 27 1099
9 938 34 1010
48 758 27 806
12 800 77 887
60 753 62 797
57 458 16 536
13 590 24 608
23 922 24 964
73 453 43 501
59 879 23 932
26 515 7 566
53 1040 38 1097
68 436 16 507
28 798 29 846
51 594 49 621
41 569 22 614
45 421 40 469
28 829 41 869
27 759 35 815
10 689 52 747
4 437 48 473
63 973 37 994
21 1072 43 1121
70 570 56 651
27 869 61 965
52 439 5 502
72 614 68 641
47 579 34 622
21 796 45 844
38 1049 77 1076
15 702 35 762
70 456 32 536
39 532 6 577
76 1061 55 1131
64 1057 59 1129
39 1055 57 1120
52 913 64 964
65 856 61 934
16 1006 10 1060
52 1022 43 1065
62 1033 13 1096
15 858 21 933
34 618 75 690
15 902 36 917
73 1069 46 1098
29 455 36 518
34 922 50 976
5 936 56 1025
53 485 62 557
18 609 19 657
67 439 72 484
12 540 42 588
41 712 50 736
61 690 14 743
19 1028 69 1115
10 1038 77 1090
77 916 65 994
75 1022 71 1094
9 441 61 541
54 422 75 461
26 460 69 503
61 746 29 807
28 1037 35 1102
64 986 48 1013
41 1038 71 1072
33 1017 29 1072
71 487 65 539
39 976 37 1032
6 960 64 1027
44 1023 19 1080
43 1060 45 1082
36 562 4 610
45 937 67 987
6 827 25 887
52 910 63 976
65 458 35 532
47 885 77 918
6 508 53 543
55 935 48 994
37 663 48 677
30 912 58 949
46 1067 44 1141
57 879 37 925
41 623 37 677
64 676 63 708
60 642 16 696
40 962 75 1033
63 441 43 489
22 986 74 1041
49 1038 15 1112
43 766 38 798
39 926 75 990
21 917 31 929
16 1053 36 1130
27 1075 13 1135
60 464 50 524
55 865 14 940
66 791 78 853
66 889 14 942
46 432 63 500
43 769 78 799
34 431 37 503
29 765 72 814
10 993 77 1060
73 886 32 928
8 1042 55 1110
43 773 71 839
36 863 42 893
55 553 63 630
64 769 56 828
8 1078 11 1138
34 707 35 735
7 784 49 836
22 890 48 940
67 792 53 856
24 471 48 545
72 642 43 670
31 994 21 1029
56 592 15 650
8 1055 65 1128
48 618 35 684
72 1075 13 1126
77 935 11 953
46 996 4 1048
21 580 74 627
5 889 49 981
39 444 50 488
48 1037 34 1098
14 664 17 723
5 1071 50 1125
66 621 48 679
57 1021 65 1078
9 529 69 605
27 1010 19 1066
55 443 66 483
24 425 12 483
73 1062 31 1100
25 1004 63 1072
30 509 69 570
67 841 41 914
57 689 39 744
63 557 52 609
37 600 45 666
67 891 74 949
30 935 52 1010
33 731 19 774
60 943 58 989
26 1065 51 1128
36 648 20 676
65 780 66 844
78 534 78 714
78 691 78 912
14 494 14 766
11 1185 11 1431
11 947 11 1223
41 1110 41 1294
15 589 15 820
48 773 48 1044
73 880 73 1146
11 730 11 915
66 474 66 707
46 375 46 671
27 719 27 967
78 605 78 878
7 684 7 897
36 1104 36 1364
32 989 32 1248
32 686 32 959
70 925 70 1206
67 723 67 951
72 1042 72 1283
40 1019 40 1268
16 928 16 1110
7 518 7 702
47 620 47 805
8 838 8 1048
49 643 49 878
74 359 74 630
70 1075 70 1329
35 812 35 1040
68 1090 68 1288
60 832 60 1069
30 475 30 714
32 611 32 846
44 793 44 1075
55 1030 55 1322
70 500 70 713
66 930 66 1172
18 403 18 643
75 660 75 934
10 1054 10 1248
28 571 28 781
23 864 23 1086
17 1056 17 1306
72 1037 72 1240
57 512 57 765
20 781 20 1018
74 459 74 737
23 623 23 857
31 671 31 930
8 936 8 1219
69 683 69 972
26 929 26 1132
55 510 55 716
32 1130 32 1375
42 351 42 562
36 866 36 1163
75 647 75 865
61 806 61 1101
77 339 77 545
52 635 52 815
4 453 4 650
37 612 37 879
7 673 7 934
45 683 45 917
10 1079 10 1315
38 607 38 858
16 700 16 935
28 1175 28 1414
25 894 25 1100
7 1136 7 1404
31 1019 31 1252
46 1162 46 1347
15 1035 15 1286
20 1018 20 1298
71 878 71 1062
37 390 37 651
8 1159 8 1452
75 888 75 1167
18 873 18 1055
21 776 21 1048
67 1010 67 1274
35 367 35 601
30 346 30 584
9 1099 9 1286
6 662 6 946
71 709 71 994
17 823 17 1023
22 636 22 867
63 933 63 1180
75 811 75 1050
34 733 34 940
35 689 35 945
60 460 60 708
30 782 30 982
74 796 74 1053
16 583 16 832
70 764 70 962
58 453 58 660
5 455 5 751
69 562 69 854
45 545 45 817
65 980 65 1234
67 967 67 1206
45 1169 45 1381
23 958 23 1189
48 521 48 717
64 528 64 736
67 1041 67 1250
28 1128 28 1382
68 1116 68 1338
51 992 51 1249
46 739 46 931
25 352 25 546
12 449 12 715
9 1081 9 1336
52 668 52 905
13 1092 13 1377
69 313 69 602
14 701 14 975
44 982 44 1243
26 765 26 994
6 687 6 886
37 989 37 1205
5 450 5 654
27 315 27 525
15 600 15 825
51 1044 51 1314
35 903 35 1095
48 782 48 1019
32 894 32 1168
34 1171 34 1419
34 828 34 1109
5 605 5 865
72 1067 72 1270
57 787 57 987
61 842 61 1048
36 1073 36 1323
9 1005 9 1251
12 518 12 715
78 1047 78 1331
78 1116 78 1392
62 807 62 1094
34 1018 34 1253
53 887 53 1172
61 1100 61 1291
15 918 15 1205
23 1174 23 1390
24 428 24 696
68 528 68 822
14 331 14 520
38 559 38 797
78 530 78 787
65 674 65 962
39 985 39 1195
43 1024 43 1236
8 969 8 1190
4 494 4 733
64 1110 64 1390
61 731 61 994
35 791 35 1042
31 659 31 910
39 516 39 764
15 833 15 1102
49 962 49 1147
9 849 9 1102
78 1117 78 1323
62 416 62 698
53 447 53 673
36 627 36 876
78 965 78 1255
63 372 63 599
44 1138 44 1404
42 694 42 985
71 476 71 689
30 723 30 986
45 417 45 694
34 554 34 813
53 499 53 696
55 1002 55 1263
40 792 40 996
40 1042 40 1245
72 437 72 642
45 931 45 1171
73 978 73 1192
36 872 36 1157
12 1022 12 1315
74 1148 74 1443
17 858 17 1136
39 631 39 890
43 529 43 748
6 879 6 1120
37 1162 37 1353
17 885 17 1179
12 479 12 676
72 879 72 1100
70 806 70 991
34 668 34 917
27 1075 27 1302
43 1170 43 1417
44 334 44 564
47 881 47 1136
11 1154 11 1342
46 970 46 1183
13 641 13 831
75 384 75 575
69 739 69 935
39 560 39 793
71 945 71 1132
8 399 8 615
20 1152 20 1351
24 794 24 1044
24 1059 24 1246
17 1058 17 1274
41 868 41 1059
50 1189 50 1480
76 340 76 636
58 800 58 999
10 370 10 591
20 771 20 1032
72 402 72 671
68 1025 68 1250
61 847 61 1045
52 428 52 723
39 1014 39 1285
18 1040 18 1273
9 756 9 968
33 1079 33 1313
46 571 46 864
62 1107 62 1365
58 1071 58 1334
44 460 44 751
7 1036 7 1225
73 306 73 602
25 983 25 1167
22 312 22 545
45 1128 45 1381
15 457 15 676
67 316 67 549
34 345 34 624
9 886 9 1138
8 763 8 975
58 1140 58 1415
67 1053 67 1304
48 1021 48 1320
53 616 53 832
11 616 11 820
39 658 39 846
56 654 56 921
58 949 58 1151
45 1012 45 1288
53 620 53 813
43 740 43 975
27 728 27 942
6 445 6 641
5 599 5 877
45 485 45 675
76 1083 76 1372
53 1126 53 1385
77 500 77 742
7 897 7 1137
61 1010 61 1230
62 1182 62 1435
68 987 68 1214
36 993 36 1173
27 678 27 974
26 1109 26 1326
65 435 65 637
35 991 35 1274
10 928 10 1124
23 1066 23 1257
66 370 66 644
31 790 31 984
50 544 50 786
77 864 77 1140
5 443 5 631
39 774 39 990
46 603 46 899
30 1105 30 1323
39 1134 39 1372
62 1048 62 1275
61 984 61 1187
41 308 41 539
70 347 70 540
22 524 22 755
58 411 58 617
73 932 73 1213
72 396 72 589
56 1075 56 1317
70 338 70 538
68 482 68 766
7 438 7 629
61 645 61 828
46 306 46 535
14 828 14 1094
17 1151 17 1369
7 1133 7 1378
16 322 16 526
39 523 39 768
19 754 19 934
17 1159 17 1410
64 447 64 637
60 563 60 853
72 866 72 1058
55 935 55 1218
36 592 36 814
22 955 22 1232
15 468 15 725
57 427 57 683
23 1125 23 1313
19 976 19 1172
47 1109 47 1306
72 728 72 957
49 880 49 1124
13 459 13 725
25 1041 25 1233
41 1198 41 1497
25 803 25 1024
59 942 59 1200
10 427 10 616
5 810 5 1001
13 742 13 1026
4 1060 4 1289
41 965 41 1164
29 670 29 956
48 845 48 1052
47 890 47 1155
19 319 19 572
35 511 35 773
15 477 15 724
17 986 17 1201
42 1192 42 1379
76 791 76 1009
59 384 59 581
20 970 20 1201
12 886 12 1123
71 506 71 731
11 807 11 1100
34 434 34 701
67 568 67 846
41 559 41 796
65 968 65 1192
54 363 54 634
51 398 51 613
64 492 64 695
6 749 6 1001
44 885 44 1166
16 988 16 1238
45 1079 45 1347
61 769 61 1016
66 465 66 723
7 631 7 917
56 572 56 803
71 1174 71 1383
59 1011 59 1203
11 541 11 825
49 404 49 596
52 1140 52 1340
68 1174 68 1412
70 512 70 728
50 880 50 1065
13 448 13 685
46 1049 46 1323
65 359 65 658
49 844 49 1024
30 537 30 749
27 839 27 1097
47 777 47 1037
25 471 25 681
8 456 8 666
39 628 39 927
15 1016 15 1215
35 830 35 1017
36 346 36 530
48 475 48 705
20 870 20 1115
60 409 60 652
9 708 9 936
50 857 50 1105
69 590 69 793
17 534 17 715
49 751 49 1014
19 863 19 1093
67 649 67 872
8 1062 8 1245
57 503 57 760
30 384 30 666
73 359 73 611
33 1007 33 1305
34 1046 34 1232
13 1121 13 1303
49 962 49 1208
28 1156 28 1448
69 750 69 1032
69 693 69 888
9 703 9 903
18 988 18 1224
48 860 48 1140
62 842 62 1096
32 581 32 847
13 781 13 998
21 743 21 1008
42 622 42 821
27 362 27 554
35 397 35 596
63 769 63 968
61 325 61 579
67 372 67 626
10 639 10 887
63 656 63 921
42 451 42 726
55 1006 55 1229
78 895 78 1170
5 618 5 916
29 698 29 899
37 448 37 652
36 696 36 964
29 1128 29 1362
12 998 12 1253
71 326 71 624
55 908 55 1115
20 1193 20 1466
71 584 71 828
26 320 26 523
72 851 72 1045
59 699 59 950
54 1177 54 1391
41 994 41 1256
26 437 26 684
74 1010 74 1247
15 727 15 910
62 479 62 681
22 694 22 985
27 1157 27 1363
40 544 40 804
24 1104 24 1366
4 611 4 792
47 566 47 856
40 1147 40 1428
28 969 28 1188
78 678 78 868
32 310 32 606
11 640 11 862
48 927 48 1193
31 1179 31 1469
9 706 9 982
39 536 39 815
64 530 64 764
11 1070 11 1335
50 969 50 1208
0 61 86 61 59 11 65 40 16 63 53 50 17 62 32 43 75 70 65 64 43 69 65 29 51 44 44 70 28 57 54 68 76 79 50 66 39 30 63 48 27 35 52 53 36 54 70 54 34 73 26 58 61 51 64 68 68 14 25 70 46 6 34 30 36 57 61 63 43 10 27 37 61 68 38 74 18 62 38 
61 0 61 86 46 56 41 29 46 21 37 67 47 76 61 31 60 44 34 48 53 62 67 51 67 64 66 38 61 48 12 65 57 54 69 67 33 34 71 66 44 60 20 67 28 73 42 57 36 62 56 51 53 20 38 68 35 55 39 49 49 61 57 41 35 7 54 45 61 56 50 41 64 54 33 48 47 74 47 
86 61 0 61 28 76 24 52 74 41 36 49 71 47 61 47 14 19 29 23 46 24 34 59 49 52 55 24 64 30 53 28 12 9 51 33 50 62 40 50 60 57 47 46 59 51 21 37 55 19 63 30 28 48 26 31 27 73 66 17 42 82 56 58 53 57 27 24 51 77 61 50 35 20 52 15 70 44 49 
61 86 61 0 46 53 56 59 61 72 52 20 56 15 32 56 48 58 62 49 34 38 29 41 20 24 22 64 35 43 75 34 51 59 18 29 55 59 22 21 49 31 67 20 63 14 60 32 54 43 39 41 40 67 58 31 65 51 58 53 38 56 33 50 54 80 40 51 27 54 44 47 28 46 56 59 55 18 40 
59 46 28 46 0 49 11 28 48 29 12 29 45 34 36 23 18 14 17 6 20 17 22 32 29 29 32 19 39 5 36 19 18 21 31 22 25 36 27 29 33 32 28 27 35 33 15 15 29 18 37 7 8 28 13 22 20 46 40 12 16 56 31 31 27 41 9 6 27 50 34 23 20 11 27 17 44 31 22 
11 56 76 53 49 0 56 32 12 55 43 40 10 52 23 35 65 60 55 54 33 59 55 19 41 34 34 61 19 46 48 57 65 69 41 56 31 23 53 38 18 25 44 43 30 45 60 44 25 63 16 48 50 43 55 58 59 4 18 60 35 8 24 21 28 51 51 53 33 2 16 28 50 58 29 64 10 53 28 
65 41 24 56 11 56 0 30 53 22 14 39 50 43 45 25 20 6 9 8 29 23 31 40 39 39 42 9 47 15 32 27 17 16 41 30 28 40 36 39 39 41 25 37 36 43 6 25 33 22 45 16 17 26 5 30 10 53 44 8 25 62 40 36 31 37 17 6 37 57 41 29 29 14 30 10 49 40 30 
40 29 52 59 28 32 30 0 26 23 18 41 24 51 33 6 45 34 26 32 26 43 45 23 41 36 39 32 33 28 18 44 44 44 42 45 6 12 47 40 17 32 13 41 8 47 33 33 9 45 28 30 33 12 27 47 30 30 17 36 23 38 29 14 7 23 34 29 34 33 23 13 41 38 5 39 24 50 20 
16 46 74 61 48 12 53 26 0 48 40 46 6 58 30 30 65 58 51 53 35 60 58 22 46 40 41 56 27 46 40 60 65 67 47 59 26 15 57 44 16 31 37 48 22 51 57 46 21 64 22 48 51 36 51 61 55 12 10 58 36 16 29 18 23 42 51 51 38 12 19 26 53 58 24 62 7 58 29 
63 21 41 72 29 55 22 23 48 0 21 54 47 61 53 22 41 24 14 29 40 44 50 44 53 51 54 18 53 31 14 47 38 34 55 50 26 34 54 53 39 50 12 53 27 59 22 41 31 43 49 34 36 13 18 50 15 53 39 29 35 61 47 36 29 17 36 26 49 56 44 32 47 35 27 28 46 58 36 
53 37 36 52 12 43 14 18 40 21 0 34 37 41 35 13 28 19 14 15 20 28 31 28 33 32 35 19 36 12 26 30 27 28 35 32 16 27 35 33 26 32 18 33 24 39 18 21 21 29 33 15 18 18 13 32 18 40 31 19 16 50 29 24 18 31 19 12 29 44 29 17 28 21 17 23 36 39 19 
50 67 49 20 29 40 39 41 46 54 34 0 41 13 19 38 36 42 45 33 16 26 18 25 2 7 8 47 23 26 56 23 38 45 3 20 36 42 14 3 32 16 48 4 45 7 44 15 36 32 25 24 24 48 41 22 48 38 42 38 20 45 18 33 36 61 24 34 9 42 28 29 16 32 37 44 40 13 22 
17 47 71 56 45 10 50 24 6 47 37 41 0 53 25 27 61 55 49 49 31 56 53 17 42 35 36 54 22 42 39 55 61 64 42 54 23 14 52 40 12 27 36 43 21 47 54 42 18 60 18 44 47 35 48 56 52 9 9 55 32 15 25 14 21 42 47 48 33 10 15 22 49 54 22 59 2 53 25 
62 76 47 15 34 52 43 51 58 61 41 13 53 0 31 48 34 45 50 36 26 24 15 37 13 19 19 51 35 31 65 21 37 45 13 16 47 54 9 15 44 28 57 11 56 9 47 21 47 29 37 28 27 57 46 18 52 50 54 40 29 57 30 45 46 70 27 38 21 53 40 40 15 32 48 45 52 4 33 
32 61 61 32 36 23 45 33 30 53 35 19 25 31 0 33 49 49 48 41 17 41 35 12 20 13 13 52 5 32 51 39 50 55 19 36 29 30 32 17 19 5 44 22 35 23 50 26 26 45 8 32 34 43 46 38 51 20 28 47 21 27 6 22 27 55 35 41 12 24 13 22 31 43 29 52 24 32 17 
43 31 47 56 23 35 25 6 30 22 13 38 27 48 33 0 40 30 22 27 23 39 41 23 38 34 37 28 33 23 20 40 39 39 39 41 5 16 43 37 19 31 13 38 12 44 29 29 10 40 28 26 29 12 23 42 26 32 20 31 20 41 28 15 8 25 29 24 31 36 23 12 37 33 6 34 27 46 17 
75 60 14 48 18 65 20 45 65 41 28 36 61 34 49 40 0 18 27 15 34 11 20 47 35 39 41 25 52 20 50 15 5 12 37 19 42 54 27 37 50 45 43 33 52 38 20 24 47 6 51 18 16 44 23 18 27 62 57 12 31 71 44 48 44 55 15 17 38 66 50 40 22 8 44 15 60 31 38 
70 44 19 58 14 60 6 34 58 24 19 42 55 45 49 30 18 0 11 10 34 24 32 44 42 43 46 8 51 18 35 27 15 12 44 32 33 44 38 43 44 46 28 40 40 46 3 28 38 22 49 19 19 30 8 31 10 58 48 7 29 67 44 41 35 40 20 10 41 61 46 34 31 15 35 6 54 42 34 
65 34 29 62 17 55 9 26 51 14 14 45 49 50 48 22 27 11 0 16 33 31 38 41 44 44 47 7 49 20 25 34 25 21 46 38 26 37 43 45 39 45 19 43 32 49 9 31 32 30 46 23 24 20 5 38 5 53 42 16 28 62 43 36 29 30 25 13 41 57 42 29 36 22 28 16 48 47 32 
64 48 23 49 6 54 8 32 53 29 15 33 49 36 41 27 15 10 16 0 25 16 23 37 32 34 37 16 43 9 37 19 13 16 34 23 29 41 29 33 38 37 30 31 38 37 12 19 34 16 42 10 10 30 12 23 18 51 44 7 21 61 36 36 31 43 10 4 32 55 39 28 22 8 31 12 48 33 27 
43 53 46 34 20 33 29 26 35 40 20 16 31 26 17 23 34 34 33 25 0 27 23 15 16 12 15 36 20 17 41 26 35 39 17 24 21 28 23 15 20 13 34 16 31 22 34 12 22 31 18 17 19 33 30 27 37 30 29 31 6 39 12 20 21 47 19 25 10 34 18 14 19 27 23 36 30 25 8 
69 62 24 38 17 59 23 43 60 44 28 26 56 24 41 39 11 24 31 16 27 0 10 41 26 30 32 30 44 17 52 5 14 22 28 10 40 50 17 28 45 37 44 23 50 28 26 16 43 6 44 14 11 45 27 8 32 56 53 18 25 65 36 43 41 57 10 19 29 60 43 36 12 10 42 23 55 21 32 
65 67 34 29 22 55 31 45 58 50 31 18 53 15 35 41 20 32 38 23 23 10 0 38 18 23 25 38 38 20 56 7 24 31 19 2 41 50 7 20 43 31 48 15 51 19 34 13 43 15 39 17 15 48 34 5 40 52 51 26 23 60 32 42 41 62 14 26 24 56 40 35 5 19 42 32 52 12 30 
29 51 59 41 32 19 40 23 22 44 28 25 17 37 12 23 47 44 41 37 15 41 38 0 26 19 21 46 11 29 41 40 48 52 26 39 19 20 36 24 9 12 35 27 25 31 44 26 16 45 6 30 33 34 40 41 45 16 18 43 18 25 9 11 17 45 33 36 17 20 4 13 33 41 19 48 16 37 11 
51 67 49 20 29 41 39 41 46 53 33 2 42 13 20 38 35 42 44 32 16 26 18 26 0 8 8 47 23 25 56 23 38 44 3 19 36 42 14 3 32 17 48 4 45 7 43 15 36 31 26 23 24 48 41 22 47 38 42 37 19 46 18 33 36 61 24 34 10 42 28 29 15 31 37 43 41 13 22 
44 64 52 24 29 34 39 36 40 51 32 7 35 19 13 34 39 43 44 34 12 30 23 19 8 0 4 47 17 26 53 28 41 47 8 25 32 37 20 5 26 10 45 10 40 13 44 16 31 35 19 25 26 44 41 27 47 31 36 39 17 39 11 28 31 58 26 34 4 35 22 24 20 34 33 45 34 20 18 
44 66 55 22 32 34 42 39 41 54 35 8 36 19 13 37 41 46 47 37 15 32 25 21 8 4 0 50 16 29 55 30 43 50 8 26 34 38 21 6 28 10 48 11 42 12 47 19 33 37 19 27 28 47 44 29 50 32 37 42 20 39 12 29 33 60 29 37 7 35 23 27 22 36 35 48 35 20 20 
70 38 24 64 19 61 9 32 56 18 19 47 54 51 52 28 25 8 7 16 36 30 38 46 47 47 50 0 54 22 30 34 22 17 49 38 32 43 44 47 44 48 24 45 38 51 6 33 37 28 51 24 25 26 7 37 4 58 47 14 32 67 46 41 34 34 25 14 44 62 47 34 37 21 33 11 53 48 36 
28 61 64 35 39 19 47 33 27 53 36 23 22 35 5 33 52 51 49 43 20 44 38 11 23 17 16 54 0 35 51 42 53 58 23 40 29 29 36 21 18 8 44 25 34 27 52 29 26 49 6 35 37 43 47 42 53 17 26 49 24 24 9 21 27 55 38 43 16 20 12 22 34 46 29 55 21 35 19 
57 48 30 43 5 46 15 28 46 31 12 26 42 31 32 23 20 18 20 9 17 17 20 29 25 26 29 22 35 0 37 18 20 24 27 20 24 35 24 26 31 29 29 24 34 30 19 12 28 19 33 4 7 29 17 21 23 44 38 15 13 53 27 29 26 42 8 10 24 48 31 21 17 13 26 21 41 28 19 
54 12 53 75 36 48 32 18 40 14 26 56 39 65 51 20 50 35 25 37 41 52 56 41 56 53 55 30 51 37 0 54 48 45 58 57 22 26 60 55 35 49 9 56 19 62 33 46 26 52 46 40 43 9 28 57 27 46 31 39 38 54 46 31 25 6 43 34 50 49 40 30 53 44 22 40 39 63 36 
68 65 28 34 19 57 27 44 60 47 30 23 55 21 39 40 15 27 34 19 26 5 7 40 23 28 30 34 42 18 54 0 18 25 25 6 41 51 13 25 44 35 46 20 50 24 29 15 43 10 42 15 12 46 30 4 36 55 53 21 25 64 35 43 42 59 12 22 27 59 42 36 9 14 42 26 54 17 32 
76 57 12 51 18 65 17 44 65 38 27 38 61 37 50 39 5 15 25 13 35 14 24 48 38 41 43 22 53 20 48 18 0 9 40 23 42 53 30 39 50 46 41 36 51 40 17 26 46 10 52 19 17 42 21 21 24 63 56 10 31 72 45 48 44 53 16 16 40 67 50 40 24 9 43 12 60 34 38 
79 54 9 59 21 69 16 44 67 34 28 45 64 45 55 39 12 12 21 16 39 22 31 52 44 47 50 17 58 24 45 25 9 0 46 30 43 54 37 46 52 51 39 42 51 47 13 31 47 17 56 24 22 40 19 29 20 66 58 10 35 75 50 50 45 50 22 17 45 70 54 42 31 14 44 7 63 42 42 
50 69 51 18 31 41 41 42 47 55 35 3 42 13 19 39 37 44 46 34 17 28 19 26 3 8 8 49 23 27 58 25 40 46 0 21 38 43 15 4 33 16 50 5 46 6 45 17 37 33 25 25 26 49 43 23 49 38 43 39 21 46 18 34 37 63 26 36 10 42 29 30 17 33 39 45 41 13 24 
66 67 33 29 22 56 30 45 59 50 32 20 54 16 36 41 19 32 38 23 24 10 2 39 19 25 26 38 40 20 57 6 23 30 21 0 41 51 8 21 43 32 48 17 51 20 33 14 44 14 40 17 15 49 34 4 40 53 52 26 24 62 33 43 42 62 15 26 25 57 41 36 6 18 43 31 53 12 31 
39 33 50 55 25 31 28 6 26 26 16 36 23 47 29 5 42 33 26 29 21 40 41 19 36 32 34 32 29 24 22 41 42 43 38 41 0 12 43 35 15 28 16 37 11 42 32 29 6 42 25 27 30 15 26 43 30 28 17 34 19 37 25 11 4 27 31 27 29 32 19 9 37 35 3 37 23 45 15 
30 34 62 59 36 23 40 12 15 34 27 42 14 54 30 16 54 44 37 41 28 50 50 20 42 37 38 43 29 35 26 51 53 54 43 51 12 0 51 41 12 30 23 43 8 48 44 38 8 53 24 37 40 22 38 52 41 21 6 45 28 28 27 10 10 29 41 38 34 24 18 16 46 46 11 49 14 53 21 
63 71 40 22 27 53 36 47 57 54 35 14 52 9 32 43 27 38 43 29 23 17 7 36 14 20 21 44 36 24 60 13 30 37 15 8 43 51 0 16 42 29 51 11 52 13 39 15 44 22 37 21 20 52 39 11 45 50 51 32 25 58 29 42 43 65 20 31 21 54 39 36 8 25 44 38 51 5 30 
48 66 50 21 29 38 39 40 44 53 33 3 40 15 17 37 37 43 45 33 15 28 20 24 3 5 6 47 21 26 55 25 39 46 4 21 35 41 16 0 31 14 47 6 44 8 44 16 35 33 23 24 25 47 41 24 48 36 40 38 19 43 16 32 34 60 25 34 8 40 26 27 17 32 36 44 38 15 21 
27 44 60 49 33 18 39 17 16 39 26 32 12 44 19 19 50 44 39 38 20 45 43 9 32 26 28 44 18 31 35 44 50 52 33 43 15 12 42 31 0 19 29 34 17 38 44 30 10 48 13 33 35 28 38 45 43 15 11 44 21 24 17 4 12 39 36 37 24 19 7 11 38 43 14 48 11 44 14 
35 60 57 31 32 25 41 32 31 50 32 16 27 28 5 31 45 46 45 37 13 37 31 12 17 10 10 48 8 29 49 35 46 51 16 32 28 30 29 14 19 0 42 19 34 21 46 22 25 41 10 29 31 41 42 35 48 23 28 43 18 31 4 21 26 54 31 37 9 26 14 20 27 39 28 48 26 28 15 
52 20 47 67 28 44 25 13 37 12 18 48 36 57 44 13 43 28 19 30 34 44 48 35 48 45 48 24 44 29 9 46 41 39 50 48 16 23 51 47 29 42 0 48 17 54 27 37 21 44 40 32 34 3 21 49 22 43 28 32 30 50 39 26 19 15 35 27 42 45 34 23 45 37 17 33 36 55 29 
53 67 46 20 27 43 37 41 48 53 33 4 43 11 22 38 33 40 43 31 16 23 15 27 4 10 11 45 25 24 56 20 36 42 5 17 37 43 11 6 34 19 48 0 46 7 41 13 37 28 27 22 22 48 40 19 46 40 43 35 19 48 20 34 36 61 22 32 11 44 30 29 12 29 38 41 42 11 23 
36 28 59 63 35 30 36 8 22 27 24 45 21 56 35 12 52 40 32 38 31 50 51 25 45 40 42 38 34 34 19 50 51 51 46 51 11 8 52 44 17 34 17 46 0 51 40 38 10 52 29 36 40 15 34 53 36 28 13 42 29 35 32 15 11 23 40 36 37 30 23 17 47 44 9 45 21 55 24 
54 73 51 14 33 45 43 47 51 59 39 7 47 9 23 44 38 46 49 37 22 28 19 31 7 13 12 51 27 30 62 24 40 47 6 20 42 48 13 8 38 21 54 7 51 0 47 19 42 33 30 28 27 53 46 22 52 42 47 41 25 50 23 39 41 67 27 38 15 46 33 35 17 34 43 47 45 10 28 
70 42 21 60 15 60 6 33 57 22 18 44 54 47 50 29 20 3 9 12 34 26 34 44 43 44 47 6 52 19 33 29 17 13 45 33 32 44 39 44 44 46 27 41 40 47 0 29 38 23 49 21 21 28 7 32 8 58 48 9 30 67 44 41 35 38 21 10 42 61 46 34 32 16 34 7 53 44 35 
54 57 37 32 15 44 25 33 46 41 21 15 42 21 26 29 24 28 31 19 12 16 13 26 15 16 19 33 29 12 46 15 26 31 17 14 29 38 15 16 30 22 37 13 38 19 29 0 31 21 29 10 10 37 27 16 34 41 39 24 11 50 21 30 29 51 10 20 15 45 29 23 9 18 30 30 40 18 18 
34 36 55 54 29 25 33 9 21 31 21 36 18 47 26 10 47 38 32 34 22 43 43 16 36 31 33 37 26 28 26 43 46 47 37 44 6 8 44 35 10 25 21 37 10 42 38 31 0 46 21 30 33 19 32 45 36 23 11 39 21 32 23 6 4 30 34 32 28 26 15 9 39 39 5 42 17 46 15 
73 62 19 43 18 63 22 45 64 43 29 32 60 29 45 40 6 22 30 16 31 6 15 45 31 35 37 28 49 19 52 10 10 17 33 14 42 53 22 33 48 41 44 28 52 33 23 21 46 0 48 17 14 45 26 12 31 60 56 16 28 69 41 47 44 57 13 19 34 64 47 39 17 9 44 20 58 26 36 
26 56 63 39 37 16 45 28 22 49 33 25 18 37 8 28 51 49 46 42 18 44 39 6 26 19 19 51 6 33 46 42 52 56 25 40 25 24 37 23 13 10 40 27 29 30 49 29 21 48 0 34 36 39 45 43 50 14 21 47 22 22 9 16 22 50 37 41 17 18 7 18 35 44 25 52 17 37 16 
58 51 30 41 7 48 16 30 48 34 15 24 44 28 32 26 18 19 23 10 17 14 17 30 23 25 27 24 35 4 40 15 19 24 25 17 27 37 21 24 33 29 32 22 36 28 21 10 30 17 34 0 4 32 19 18 25 45 40 15 13 54 27 31 28 46 5 11 23 49 32 23 14 11 28 21 43 25 20 
61 53 28 40 8 50 17 33 51 36 18 24 47 27 34 29 16 19 24 10 19 11 15 33 24 26 28 25 37 7 43 12 17 22 26 15 30 40 20 25 35 31 34 22 40 27 21 10 33 14 36 4 0 35 20 15 26 47 43 15 16 57 30 34 31 48 2 12 24 52 35 26 13 9 32 20 46 24 23 
51 20 48 67 28 43 26 12 36 13 18 48 35 57 43 12 44 30 20 30 33 45 48 34 48 44 47 26 43 29 9 46 42 40 49 49 15 22 52 47 28 41 3 48 15 53 28 37 19 45 39 32 35 0 23 49 23 41 27 33 29 49 39 25 18 15 36 28 42 44 33 22 45 37 15 34 34 55 28 
64 38 26 58 13 55 5 27 51 18 13 41 48 46 46 23 23 8 5 12 30 27 34 40 41 41 44 7 47 17 28 30 21 19 43 34 26 38 39 41 38 42 21 40 34 46 7 27 32 26 45 19 20 23 0 33 7 52 42 12 26 61 40 35 29 33 20 9 38 56 41 28 32 18 28 13 48 43 30 
68 68 31 31 22 58 30 47 61 50 32 22 56 18 38 42 18 31 38 23 27 8 5 41 22 27 29 37 42 21 57 4 21 29 23 4 43 52 11 24 45 35 49 19 53 22 32 16 45 12 43 18 15 49 33 0 39 55 54 25 26 64 35 45 44 62 15 25 27 59 43 38 9 17 44 30 55 15 33 
68 35 27 65 20 59 10 30 55 15 18 48 52 52 51 26 27 10 5 18 37 32 40 45 47 47 50 4 53 23 27 36 24 20 49 40 30 41 45 48 43 48 22 46 36 52 8 34 36 31 50 25 26 23 7 39 0 57 45 16 32 66 46 40 33 31 27 15 45 60 46 33 38 23 32 14 52 49 36 
14 55 73 51 46 4 53 30 12 53 40 38 9 50 20 32 62 58 53 51 30 56 52 16 38 31 32 58 17 44 46 55 63 66 38 53 28 21 50 36 15 23 43 40 28 42 58 41 23 60 14 45 47 41 52 55 57 0 17 57 32 10 21 18 25 50 48 50 30 5 13 25 48 55 27 62 9 50 25 
25 39 66 58 40 18 44 17 10 39 31 42 9 54 28 20 57 48 42 44 29 53 51 18 42 36 37 47 26 38 31 53 56 58 43 52 17 6 51 40 11 28 28 43 13 47 48 39 11 56 21 40 43 27 42 54 45 17 0 49 29 23 26 10 14 34 44 42 33 19 16 18 47 49 15 53 9 53 22 
70 49 17 53 12 60 8 36 58 29 19 38 55 40 47 31 12 7 16 7 31 18 26 43 37 39 42 14 49 15 39 21 10 10 39 26 34 45 32 38 44 43 32 35 42 41 9 24 39 16 47 15 15 33 12 25 16 57 49 0 27 66 41 41 36 44 15 8 37 61 45 33 26 9 36 7 54 37 33 
46 49 42 38 16 35 25 23 36 35 16 20 32 29 21 20 31 29 28 21 6 25 23 18 19 17 20 32 24 13 38 25 31 35 21 24 19 28 25 19 21 18 30 19 29 25 30 11 21 28 22 13 16 29 26 26 32 32 29 27 0 42 16 20 19 43 17 20 14 37 20 13 19 24 20 32 31 27 8 
6 61 82 56 56 8 62 38 16 61 50 45 15 57 27 41 71 67 62 61 39 65 60 25 46 39 39 67 24 53 54 64 72 75 46 62 37 28 58 43 24 31 50 48 35 50 67 50 32 69 22 54 57 49 61 64 66 10 23 66 42 0 30 27 34 56 57 59 38 6 23 34 56 64 36 71 16 58 35 
34 57 56 33 31 24 40 29 29 47 29 18 25 30 6 28 44 44 43 36 12 36 32 9 18 11 12 46 9 27 46 35 45 50 18 33 25 27 29 16 17 4 39 20 32 23 44 21 23 41 9 27 30 39 40 35 46 21 26 41 16 30 0 18 23 51 30 35 10 25 11 17 27 38 25 47 24 30 12 
30 41 58 50 31 21 36 14 18 36 24 33 14 45 22 15 48 41 36 36 20 43 42 11 33 28 29 41 21 29 31 43 48 50 34 43 11 10 42 32 4 21 26 34 15 39 41 30 6 47 16 31 34 25 35 45 40 18 10 41 20 27 18 0 8 35 35 34 25 22 10 9 38 41 10 45 14 44 13 
36 35 53 54 27 28 31 7 23 29 18 36 21 46 27 8 44 35 29 31 21 41 41 17 36 31 33 34 27 26 25 42 44 45 37 42 4 10 43 34 12 26 19 36 11 41 35 29 4 44 22 28 31 18 29 44 33 25 14 36 19 34 23 8 0 29 32 29 28 29 17 8 37 37 3 40 20 45 14 
57 7 57 80 41 51 37 23 42 17 31 61 42 70 55 25 55 40 30 43 47 57 62 45 61 58 60 34 55 42 6 59 53 50 63 62 27 29 65 60 39 54 15 61 23 67 38 51 30 57 50 46 48 15 33 62 31 50 34 44 43 56 51 35 29 0 49 40 55 52 44 35 58 49 27 44 42 68 41 
61 54 27 40 9 51 17 34 51 36 19 24 47 27 35 29 15 20 25 10 19 10 14 33 24 26 29 25 38 8 43 12 16 22 26 15 31 41 20 25 36 31 35 22 40 27 21 10 34 13 37 5 2 36 20 15 27 48 44 15 17 57 30 35 32 49 0 12 25 52 36 27 12 9 32 20 46 24 24 
63 45 24 51 6 53 6 29 51 26 12 34 48 38 41 24 17 10 13 4 25 19 26 36 34 34 37 14 43 10 34 22 16 17 36 26 27 38 31 34 37 37 27 32 36 38 10 20 32 19 41 11 12 28 9 25 15 50 42 8 20 59 35 34 29 40 12 0 32 54 38 27 24 11 29 13 47 35 26 
43 61 51 27 27 33 37 34 38 49 29 9 33 21 12 31 38 41 41 32 10 29 24 17 10 4 7 44 16 24 50 27 40 45 10 25 29 34 21 8 24 9 42 11 37 15 42 15 28 34 17 23 24 42 38 27 45 30 33 37 14 38 10 25 28 55 25 32 0 34 20 21 20 32 30 43 32 21 15 
10 56 77 54 50 2 57 33 12 56 44 42 10 53 24 36 66 61 57 55 34 60 56 20 42 35 35 62 20 48 49 59 67 70 42 57 32 24 54 40 19 26 45 44 30 46 61 45 26 64 18 49 52 44 56 59 60 5 19 61 37 6 25 22 29 52 52 54 34 0 18 29 52 59 30 65 11 54 29 
27 50 61 44 34 16 41 23 19 44 29 28 15 40 13 23 50 46 42 39 18 43 40 4 28 22 23 47 12 31 40 42 50 54 29 41 19 18 39 26 7 14 34 30 23 33 46 29 15 47 7 32 35 33 41 43 46 13 16 45 20 23 11 10 17 44 36 38 20 18 0 14 36 43 19 49 13 40 13 
37 41 50 47 23 28 29 13 26 32 17 29 22 40 22 12 40 34 29 28 14 36 35 13 29 24 27 34 22 21 30 36 40 42 30 36 9 16 36 27 11 20 23 29 17 35 34 23 9 39 18 23 26 22 28 38 33 25 18 33 13 34 17 9 8 35 27 27 21 29 14 0 31 33 9 38 21 38 8 
61 64 35 28 20 50 29 41 53 47 28 16 49 15 31 37 22 31 36 22 19 12 5 33 15 20 22 37 34 17 53 9 24 31 17 6 37 46 8 17 38 27 45 12 47 17 32 9 39 17 35 14 13 45 32 9 38 48 47 26 19 56 27 38 37 58 12 24 20 52 36 31 0 18 38 31 48 12 26 
68 54 20 46 11 58 14 38 58 35 21 32 54 32 43 33 8 15 22 8 27 10 19 41 31 34 36 21 46 13 44 14 9 14 33 18 35 46 25 32 43 39 37 29 44 34 16 18 39 9 44 11 9 37 18 17 23 55 49 9 24 64 38 41 37 49 9 11 32 59 43 33 18 0 37 14 53 29 31 
38 33 52 56 27 29 30 5 24 27 17 37 22 48 29 6 44 35 28 31 23 42 42 19 37 33 35 33 29 26 22 42 43 44 39 43 3 11 44 36 14 28 17 38 9 43 34 30 5 44 25 28 32 15 28 44 32 27 15 36 20 36 25 10 3 27 32 29 30 30 19 9 38 37 0 39 21 46 16 
74 48 15 59 17 64 10 39 62 28 23 44 59 45 52 34 15 6 16 12 36 23 32 48 43 45 48 11 55 21 40 26 12 7 45 31 37 49 38 44 48 48 33 41 45 47 7 30 42 20 52 21 20 34 13 30 14 62 53 7 32 71 47 45 40 44 20 13 43 65 49 38 31 14 39 0 58 42 38 
18 47 70 55 44 10 49 24 7 46 36 40 2 52 24 27 60 54 48 48 30 55 52 16 41 34 35 53 21 41 39 54 60 63 41 53 23 14 51 38 11 26 36 42 21 45 53 40 17 58 17 43 46 34 48 55 52 9 9 54 31 16 24 14 20 42 46 47 32 11 13 21 48 53 21 58 0 52 24 
62 74 44 18 31 53 40 50 58 58 39 13 53 4 32 46 31 42 47 33 25 21 12 37 13 20 20 48 35 28 63 17 34 42 13 12 45 53 5 15 44 28 55 11 55 10 44 18 46 26 37 25 24 55 43 15 49 50 53 37 27 58 30 44 45 68 24 35 21 54 40 38 12 29 46 42 52 0 32 
38 47 49 40 22 28 30 20 29 36 19 22 25 33 17 17 38 34 32 27 8 32 30 11 22 18 20 36 19 19 36 32 38 42 24 31 15 21 30 21 14 15 29 23 24 28 35 18 15 36 16 20 23 28 30 33 36 25 22 33 8 35 12 13 14 41 24 26 15 29 13 8 26 31 16 38 24 32 0 
