4 500 79 
500 500 500 500 
44 564 61 639
47 792 69 876
33 1046 49 1113
27 890 43 954
38 1050 9 1095
16 774 58 843
11 659 33 683
60 913 21 946
17 981 68 1022
33 676 66 729
8 431 22 501
9 557 10 648
76 420 12 468
14 583 68 674
41 521 23 592
55 694 14 745
60 423 33 491
38 751 53 814
47 1035 51 1134
51 853 21 924
33 1066 22 1097
70 933 42 1023
55 802 40 855
44 944 14 1020
26 963 16 1018
9 903 30 959
59 907 51 961
10 983 52 1038
74 431 20 488
9 538 46 583
47 494 77 540
30 778 35 843
20 448 48 484
16 574 71 647
59 636 5 688
58 420 77 480
37 906 24 944
47 1014 49 1040
14 597 11 654
65 665 52 704
61 573 46 640
41 1011 39 1097
64 468 15 521
4 905 22 965
37 507 76 540
52 961 50 1016
14 1077 16 1130
28 711 6 771
6 989 72 1022
20 423 13 458
54 949 41 994
63 773 21 807
76 1006 36 1063
41 690 31 722
20 1046 6 1108
64 479 14 522
77 421 73 483
57 1029 43 1089
40 552 65 592
19 928 51 1000
11 709 66 763
32 717 41 765
20 904 34 946
15 703 19 765
66 1007 6 1056
8 1013 70 1040
22 430 11 445
30 722 8 754
50 897 36 923
17 441 60 476
36 1059 34 1144
61 844 64 873
74 1075 54 1116
45 525 7 609
51 1042 26 1091
8 721 57 769
71 837 63 908
57 625 21 691
27 821 6 910
5 854 19 917
7 445 6 487
23 441 64 474
14 556 25 607
26 885 14 971
48 972 53 1018
61 1070 9 1149
63 819 7 890
16 890 57 918
23 712 76 783
32 793 19 839
13 778 78 797
46 442 71 494
5 550 73 585
42 914 9 994
60 455 32 541
24 810 76 862
54 420 11 462
47 949 25 1030
64 1057 44 1103
13 683 25 761
29 487 44 576
11 793 6 842
14 550 4 651
66 590 5 643
31 440 23 487
44 832 72 930
47 760 66 827
37 808 50 849
52 449 53 475
70 471 10 534
4 474 58 523
21 894 15 962
23 477 64 522
14 1050 60 1125
36 448 60 511
43 995 15 1032
37 599 49 653
10 917 29 930
20 1071 40 1127
69 710 71 772
14 436 9 505
29 1076 17 1133
53 764 47 799
35 991 59 1041
25 895 39 944
66 556 47 627
41 732 10 805
33 453 60 530
63 534 7 619
73 569 33 609
46 1033 14 1053
7 821 57 852
42 777 33 800
62 646 43 687
43 564 39 633
57 451 18 534
75 840 13 886
37 763 9 817
21 744 16 806
63 800 34 855
53 833 55 884
10 890 65 965
78 697 52 736
74 1006 30 1028
25 628 37 673
11 1008 32 1075
42 882 48 925
5 736 69 795
49 545 35 599
21 761 4 817
65 1065 15 1102
26 1052 51 1106
11 986 9 1054
55 444 49 494
7 707 41 766
10 459 40 536
58 451 70 476
14 1009 8 1094
36 729 21 796
13 1070 75 1127
25 1076 67 1145
33 897 19 968
72 925 37 975
26 540 41 571
58 583 72 677
51 1027 6 1078
13 506 48 551
42 925 60 994
27 725 75 785
15 1054 67 1104
74 504 36 562
62 602 42 687
37 1013 49 1049
62 448 48 495
8 714 47 742
38 691 34 737
32 465 53 498
8 1038 28 1098
56 1045 7 1123
21 1047 42 1132
77 795 22 863
29 1006 46 1083
47 1064 43 1099
9 808 49 850
6 1018 61 1090
14 601 74 664
17 531 42 611
7 1053 37 1093
30 454 65 482
28 1060 63 1105
24 1064 49 1109
53 1074 6 1108
39 802 40 853
13 883 32 951
38 442 69 521
33 550 14 592
28 971 20 1032
61 734 60 783
16 725 61 766
8 469 6 546
21 1160 21 1408
5 753 5 1000
72 674 72 896
30 758 30 966
4 1147 4 1376
44 935 44 1115
12 583 12 770
73 1184 73 1404
11 770 11 953
9 424 9 618
29 301 29 580
41 828 41 1021
49 645 49 836
78 412 78 652
66 1078 66 1308
27 1060 27 1308
44 848 44 1100
69 653 69 933
35 844 35 1090
56 661 56 954
29 449 29 673
13 1114 13 1402
14 547 14 790
42 1039 42 1324
22 739 22 993
64 612 64 862
29 547 29 784
26 745 26 1042
27 1055 27 1320
25 938 25 1211
41 689 41 894
77 716 77 975
67 758 67 1053
11 1117 11 1365
11 490 11 681
43 885 43 1080
48 648 48 868
50 1065 50 1361
77 1156 77 1366
8 442 8 718
20 796 20 1023
59 635 59 865
43 1100 43 1399
61 694 61 951
50 948 50 1131
46 837 46 1116
21 333 21 573
52 1097 52 1304
77 976 77 1183
49 552 49 833
60 632 60 921
36 848 36 1143
64 416 64 703
48 362 48 585
21 409 21 699
41 1086 41 1352
8 767 8 1026
74 919 74 1120
63 1105 63 1341
43 900 43 1172
26 500 26 770
23 882 23 1120
73 941 73 1222
41 459 41 680
6 1047 6 1336
30 525 30 764
50 440 50 694
49 566 49 760
42 500 42 690
11 678 11 935
17 1073 17 1340
18 453 18 738
26 604 26 831
65 381 65 563
37 968 37 1256
32 353 32 605
52 389 52 633
45 1023 45 1264
68 864 68 1112
41 334 41 627
32 1077 32 1310
45 1153 45 1390
17 318 17 550
11 831 11 1065
51 783 51 1062
61 718 61 983
5 805 5 1086
60 407 60 675
46 1071 46 1337
7 948 7 1174
6 410 6 707
28 510 28 789
9 943 9 1150
7 785 7 1062
78 386 78 674
44 923 44 1151
26 1031 26 1318
38 794 38 1089
64 907 64 1098
27 514 27 722
24 681 24 976
28 1145 28 1355
43 747 43 975
14 367 14 559
64 530 64 806
26 1123 26 1306
21 1193 21 1481
57 993 57 1240
69 1014 69 1282
45 1078 45 1353
4 1143 4 1425
5 713 5 997
30 1127 30 1406
71 1173 71 1437
60 996 60 1257
5 559 5 843
53 490 53 702
56 731 56 972
49 516 49 713
65 398 65 694
53 754 53 978
43 418 43 643
76 649 76 841
68 808 68 1043
71 770 71 994
77 592 77 801
30 1025 30 1217
78 369 78 605
60 841 60 1137
54 1104 54 1348
7 347 7 535
35 1093 35 1288
7 681 7 972
58 1126 58 1407
35 695 35 950
62 562 62 773
8 1098 8 1396
41 529 41 820
47 442 47 675
25 712 25 996
17 373 17 631
52 631 52 864
31 721 31 979
14 355 14 630
15 1169 15 1446
50 484 50 770
68 378 68 616
4 887 4 1110
13 957 13 1223
31 368 31 548
62 398 62 600
6 643 6 876
15 673 15 897
15 1190 15 1456
43 487 43 716
44 1109 44 1357
69 788 69 977
50 938 50 1217
23 875 23 1102
23 1187 23 1371
63 715 63 944
18 530 18 820
68 788 68 1039
6 646 6 828
78 1027 78 1233
73 490 73 753
63 1039 63 1320
42 300 42 573
34 627 34 843
66 379 66 595
60 1151 60 1349
22 1063 22 1287
10 641 10 930
18 561 18 855
53 816 53 1092
48 965 48 1264
65 640 65 918
52 1025 52 1276
47 391 47 637
65 596 65 860
47 721 47 958
17 337 17 591
19 651 19 879
76 894 76 1170
30 759 30 942
65 536 65 729
47 967 47 1204
64 398 64 648
72 584 72 787
56 979 56 1269
44 534 44 796
31 783 31 1067
51 626 51 855
63 650 63 911
42 560 42 743
76 486 76 699
50 475 50 767
16 508 16 751
16 400 16 614
21 679 21 862
25 406 25 601
66 320 66 505
6 473 6 717
69 916 69 1147
53 702 53 893
38 928 38 1223
27 327 27 586
11 1157 11 1455
6 720 6 999
55 966 55 1169
27 699 27 900
10 945 10 1156
58 797 58 1014
4 431 4 641
10 443 10 642
51 555 51 783
30 421 30 693
23 600 23 819
41 1129 41 1404
25 1143 25 1380
16 452 16 632
63 839 63 1119
11 807 11 1019
22 679 22 860
35 737 35 931
54 538 54 755
10 904 10 1173
60 420 60 623
27 685 27 983
32 372 32 643
33 613 33 902
23 829 23 1037
23 594 23 872
42 454 42 704
31 1063 31 1324
18 719 18 972
38 420 38 635
70 713 70 977
58 369 58 549
45 933 45 1225
37 944 37 1219
55 673 55 900
41 587 41 855
32 731 32 935
7 1188 7 1407
11 1020 11 1305
62 1042 62 1232
53 1166 53 1459
6 991 6 1223
24 702 24 897
6 586 6 845
31 451 31 664
19 408 19 693
51 727 51 962
25 678 25 977
54 964 54 1234
72 1178 72 1458
30 359 30 554
51 622 51 862
6 1081 6 1326
37 410 37 676
11 370 11 609
78 832 78 1111
46 996 46 1261
40 472 40 685
12 1171 12 1418
33 1134 33 1381
57 1059 57 1296
44 895 44 1156
17 727 17 907
5 696 5 971
19 1171 19 1430
23 1129 23 1375
13 514 13 743
62 474 62 676
27 890 27 1161
58 924 58 1137
73 1155 73 1453
33 592 33 854
37 1096 37 1364
21 1141 21 1408
58 1017 58 1205
70 1018 70 1244
59 766 59 948
61 434 61 637
76 690 76 961
30 670 30 931
55 691 55 934
64 798 64 978
28 1173 28 1451
25 357 25 585
32 1048 32 1256
73 716 73 933
56 691 56 940
22 848 22 1132
61 619 61 824
15 948 15 1178
31 852 31 1113
63 953 63 1166
8 1117 8 1346
0 61 86 61 50 34 60 69 67 75 14 37 31 57 60 65 29 39 39 68 34 55 42 44 47 46 55 25 51 21 56 62 64 46 33 51 75 53 55 60 62 60 36 65 70 45 57 78 46 65 65 18 62 66 58 44 32 46 63 39 34 30 59 36 42 58 23 58 55 58 56 65 55 34 52 72 57 71 49 
61 0 61 86 14 33 82 63 34 57 58 52 32 23 82 62 61 24 23 44 34 25 56 55 21 62 30 37 41 58 46 46 55 69 55 20 49 40 34 69 58 21 68 46 37 20 73 53 53 43 35 54 51 63 48 37 32 57 23 23 29 52 20 26 45 39 59 41 19 73 25 36 79 58 47 42 27 55 28 
86 61 0 61 57 58 56 24 28 12 74 51 64 41 57 29 64 59 63 20 56 41 48 46 52 48 37 69 36 68 31 25 25 55 57 48 14 35 35 41 29 41 63 22 25 55 48 10 43 23 28 69 26 29 29 44 60 45 39 62 62 58 43 65 45 30 67 29 46 47 40 27 58 57 35 20 37 17 44 
61 86 61 0 74 58 6 38 64 51 49 36 63 66 6 34 34 66 71 56 56 63 31 32 66 25 59 64 47 42 44 48 41 19 36 67 59 49 56 22 36 70 26 51 65 68 15 58 34 54 61 47 43 34 44 49 60 30 71 69 65 39 70 70 42 53 40 51 69 16 64 60 8 32 42 63 63 48 59 
50 14 57 74 0 20 70 54 30 51 46 40 20 17 70 53 48 11 12 38 21 17 43 43 8 50 22 26 30 45 36 38 46 57 42 10 44 30 25 58 48 17 55 38 33 7 61 48 41 36 30 42 42 54 38 26 20 45 20 11 16 40 15 15 33 30 46 32 12 61 17 30 67 45 36 38 20 48 17 
34 33 58 58 20 0 55 47 35 49 28 24 8 24 55 44 30 10 13 39 3 22 29 29 15 35 23 12 24 27 30 34 40 41 25 19 46 25 24 46 41 28 37 37 38 14 48 49 28 36 33 23 37 46 32 16 4 32 31 12 8 22 26 13 20 28 27 30 22 48 24 33 51 28 27 42 25 45 17 
60 82 56 6 70 55 0 33 60 46 48 33 61 62 1 29 33 63 68 51 53 59 28 28 63 21 55 61 43 41 40 43 36 16 33 63 54 44 51 17 31 66 25 46 60 65 10 53 30 49 56 46 39 29 39 46 57 26 66 66 62 37 66 67 38 48 39 46 65 11 60 56 7 30 37 58 58 43 55 
69 63 24 38 54 47 33 0 33 14 56 33 54 40 33 6 44 51 57 22 45 39 28 26 47 26 33 58 25 50 19 18 9 33 38 45 23 25 30 17 8 43 41 18 32 50 25 22 24 22 30 52 13 5 17 32 50 24 43 55 53 40 44 57 29 25 48 23 45 24 39 29 34 37 21 28 36 12 38 
67 34 28 64 30 35 60 33 0 25 58 39 41 14 60 34 52 34 38 12 34 15 39 37 26 43 13 47 21 54 21 18 26 52 45 22 15 19 14 44 30 14 55 15 4 29 50 20 34 12 5 53 23 35 22 25 38 38 12 36 38 44 16 40 31 14 53 15 19 50 14 5 59 46 25 9 12 23 20 
75 57 12 51 51 49 46 14 25 0 64 40 56 36 46 19 53 51 56 14 47 35 37 35 45 37 30 60 26 57 21 16 14 44 46 42 11 25 28 30 17 37 52 14 23 48 38 9 32 15 23 59 15 18 19 34 52 34 36 54 54 48 39 58 34 22 56 21 40 37 35 22 47 46 25 18 32 6 36 
14 58 74 49 46 28 48 56 58 64 0 25 28 50 47 52 16 35 37 58 27 47 30 32 41 33 46 23 40 8 44 50 52 33 20 45 64 42 46 47 50 54 23 54 61 41 44 66 34 55 55 6 50 53 46 34 27 33 56 36 31 17 52 35 31 48 10 48 49 45 49 55 42 21 40 62 49 59 41 
37 52 51 36 40 24 33 33 39 40 25 0 29 35 33 28 14 32 36 36 22 32 6 8 33 13 29 30 20 18 22 28 28 18 7 35 42 22 27 25 26 40 17 31 41 34 25 44 10 33 36 20 27 30 23 17 26 10 41 34 30 9 39 35 10 27 17 27 37 26 34 36 28 8 17 42 33 36 27 
31 32 64 63 20 8 61 54 41 56 28 29 0 29 61 51 33 10 11 45 10 27 34 35 17 41 29 7 30 28 36 41 47 46 29 22 52 31 30 52 47 32 41 43 44 15 54 55 35 42 39 24 43 52 39 23 5 37 35 10 5 26 30 8 27 35 29 36 26 54 28 39 56 32 34 47 30 51 22 
57 23 41 66 17 24 62 40 14 36 50 35 29 0 62 40 47 21 24 23 24 4 37 36 13 43 8 35 20 46 24 24 33 51 39 8 28 18 12 48 36 5 52 24 18 16 52 32 33 21 14 44 29 41 26 19 26 38 8 23 25 38 5 27 27 17 46 19 6 52 3 15 59 42 25 22 5 33 9 
60 82 57 6 70 55 1 33 60 46 47 33 61 62 0 29 33 63 68 51 53 59 28 28 63 21 55 61 43 41 40 44 36 16 33 63 54 45 52 17 32 66 25 46 60 65 11 54 30 49 56 45 39 29 39 46 57 26 67 66 62 37 66 67 38 48 39 47 65 11 60 56 6 30 38 58 59 44 56 
65 62 29 34 53 44 29 6 34 19 52 28 51 40 29 0 39 49 54 24 42 38 23 21 46 21 33 54 23 45 18 18 9 28 33 44 26 24 30 13 5 43 36 20 34 49 20 25 19 23 31 47 13 2 15 30 47 20 43 53 50 36 44 55 26 25 43 23 44 19 39 30 30 32 18 31 36 15 37 
29 61 64 34 48 30 33 44 52 53 16 14 33 47 33 39 0 39 42 49 28 44 17 19 42 19 42 31 33 9 35 41 40 18 9 45 55 35 40 33 37 51 9 45 54 42 30 57 22 46 49 13 39 40 36 29 31 20 53 41 35 10 50 40 23 40 7 40 48 30 46 49 28 8 31 55 45 48 38 
39 24 59 66 11 10 63 51 34 51 35 32 10 21 63 49 39 0 6 40 11 19 36 36 9 43 23 16 27 35 33 37 44 49 33 14 46 27 25 53 45 23 46 38 37 7 55 50 35 37 32 31 40 51 36 20 9 39 26 4 6 30 21 8 27 30 36 32 17 55 21 33 59 36 32 41 23 47 16 
39 23 63 71 12 13 68 57 38 56 37 36 11 24 68 54 42 6 0 44 15 24 41 41 13 47 27 15 32 37 38 42 49 53 37 17 50 33 29 58 50 26 49 43 41 9 60 54 40 42 37 33 45 56 41 26 12 43 29 3 7 34 24 4 32 35 38 37 21 60 25 37 63 40 37 45 27 52 21 
68 44 20 56 38 39 51 22 12 14 58 36 45 23 51 24 49 40 44 0 37 22 34 32 33 37 18 50 18 52 15 10 16 45 42 29 8 17 16 35 21 24 51 6 11 36 42 11 29 4 10 52 14 25 15 25 41 33 23 43 43 42 26 46 28 12 51 11 28 41 22 9 51 43 20 8 19 12 25 
34 34 56 56 21 3 53 45 34 47 27 22 10 24 53 42 28 11 15 37 0 21 26 27 15 33 22 14 22 26 28 32 38 39 23 19 44 23 23 44 38 28 35 35 37 15 46 47 26 34 32 22 35 43 30 14 6 29 30 14 10 20 26 15 18 27 26 28 22 46 23 32 49 26 25 40 24 43 16 
55 25 41 63 17 22 59 39 15 35 47 32 27 4 59 38 44 19 24 22 21 0 34 33 12 40 6 33 17 44 22 22 31 48 37 8 28 16 10 45 34 8 49 23 18 15 50 32 31 21 14 42 27 39 24 16 24 35 10 22 24 35 8 26 24 15 44 17 7 50 3 15 57 39 23 23 5 32 7 
42 56 48 31 43 29 28 28 39 37 30 6 34 37 28 23 17 36 41 34 26 34 0 3 36 8 31 36 20 23 20 26 24 15 11 37 40 22 28 20 22 41 17 29 41 38 20 41 6 31 36 25 24 25 21 19 31 5 43 39 35 14 41 40 11 27 21 26 39 21 36 35 24 10 16 40 34 32 30 
44 55 46 32 43 29 28 26 37 35 32 8 35 36 28 21 19 36 41 32 27 33 3 0 36 8 29 37 18 25 18 24 22 16 13 37 38 20 27 19 19 40 19 27 39 38 20 39 4 29 34 27 21 23 19 19 31 3 41 39 36 16 40 41 11 25 23 24 38 20 34 34 25 12 14 38 33 30 29 
47 21 52 66 8 15 63 47 26 45 41 33 17 13 63 46 42 9 13 33 15 12 36 36 0 42 16 23 23 40 29 31 39 50 35 6 39 23 19 51 41 15 48 33 29 4 54 43 34 31 25 36 35 47 32 18 15 38 18 11 14 33 13 15 26 24 40 26 10 54 13 26 59 38 29 33 16 42 10 
46 62 48 25 50 35 21 26 43 37 33 13 41 43 21 21 19 43 47 37 33 40 8 8 42 0 36 42 24 26 23 28 24 9 15 43 42 26 33 15 21 47 16 32 44 44 14 42 10 34 40 30 25 22 23 26 37 6 48 46 42 19 47 47 18 31 24 30 45 14 41 39 18 13 19 43 40 33 36 
55 30 37 59 22 23 55 33 13 30 46 29 29 8 55 33 42 23 27 18 22 6 31 29 16 36 0 35 13 42 17 17 26 44 34 13 24 11 4 40 29 12 46 18 16 19 45 28 27 16 11 41 22 34 19 14 26 31 13 26 27 33 12 29 21 10 42 12 12 45 7 11 52 36 18 19 5 27 8 
25 37 69 64 26 12 61 58 47 60 23 30 7 35 61 54 31 16 15 50 14 33 36 37 23 42 35 0 35 26 41 46 51 46 29 28 57 36 36 54 51 38 40 48 50 21 55 60 37 48 45 21 48 56 43 27 10 39 41 15 11 25 36 13 29 40 27 41 32 55 34 45 56 32 38 53 36 56 28 
51 41 36 47 30 24 43 25 21 26 40 20 30 20 43 23 33 27 32 18 22 17 20 18 23 24 13 35 0 35 7 12 17 33 25 22 25 3 10 29 19 24 36 15 22 26 34 28 15 15 17 35 14 25 10 9 26 19 25 31 29 25 24 33 11 8 34 9 23 33 18 17 41 27 7 23 16 22 15 
21 58 68 42 45 27 41 50 54 57 8 18 28 46 41 45 9 35 37 52 26 44 23 25 40 26 42 26 35 0 38 45 45 26 13 43 59 37 41 40 43 51 17 48 56 40 37 61 27 49 51 6 44 46 40 30 27 26 53 37 31 11 49 35 25 42 3 43 46 38 45 51 35 14 34 57 46 53 38 
56 46 31 44 36 30 40 19 21 21 44 22 36 24 40 18 35 33 38 15 28 22 20 18 29 23 17 41 7 38 0 7 11 32 27 27 21 7 13 25 13 27 36 11 22 32 30 23 15 13 18 39 8 19 4 15 32 19 28 37 35 28 28 39 14 9 37 8 28 30 22 17 38 28 5 22 20 17 20 
62 46 25 48 38 34 43 18 18 16 50 28 41 24 44 18 41 37 42 10 32 22 26 24 31 28 17 46 12 45 7 0 10 37 34 29 15 11 14 28 14 27 42 5 18 35 34 17 21 7 14 45 6 19 6 20 37 24 26 40 39 35 28 43 21 9 43 6 28 33 22 14 43 34 12 16 20 11 22 
64 55 25 41 46 40 36 9 26 14 52 28 47 33 36 9 40 44 49 16 38 31 24 22 39 24 26 51 17 45 11 10 0 32 33 37 19 17 22 20 6 35 39 12 25 42 27 19 19 15 23 47 5 10 9 25 43 21 35 47 46 35 36 50 23 17 44 15 37 26 31 22 36 33 14 23 29 9 30 
46 69 55 19 57 41 16 33 52 44 33 18 46 51 16 28 18 49 53 45 39 48 15 16 50 9 44 46 33 26 32 37 32 0 18 51 50 35 41 18 28 55 11 40 53 51 13 50 19 43 48 30 33 28 32 33 43 14 56 52 47 22 55 52 25 39 24 38 53 14 49 48 11 15 28 52 48 40 43 
33 55 57 36 42 25 33 38 45 46 20 7 29 39 33 33 9 33 37 42 23 37 11 13 35 15 34 29 25 13 27 34 33 18 0 38 48 27 32 29 31 44 14 37 46 36 28 49 15 39 41 15 32 35 29 21 26 15 46 35 31 5 43 36 15 32 11 32 40 28 38 41 29 5 23 47 38 41 31 
51 20 48 67 10 19 63 45 22 42 45 35 22 8 63 44 45 14 17 29 19 8 37 37 6 43 13 28 22 43 27 29 37 51 38 0 35 21 16 50 40 10 50 29 25 9 54 39 34 27 21 40 33 45 30 19 20 39 13 16 19 36 8 20 27 21 43 23 5 54 9 21 60 41 28 29 11 39 9 
75 49 14 59 44 46 54 23 15 11 64 42 52 28 54 26 55 46 50 8 44 28 40 38 39 42 24 57 25 59 21 15 19 50 48 35 0 23 22 38 24 29 56 11 13 42 45 5 35 11 15 59 18 26 20 32 48 38 27 49 49 49 30 52 34 18 57 17 33 44 27 15 54 48 26 8 25 12 31 
53 40 35 49 30 25 44 25 19 25 42 22 31 18 45 24 35 27 33 17 23 16 22 20 23 26 11 36 3 37 7 11 17 35 27 21 23 0 8 30 20 22 38 13 20 26 35 26 17 14 15 37 14 25 10 10 27 21 23 31 30 27 22 34 13 6 36 7 22 35 17 15 42 29 8 21 15 21 14 
55 34 35 56 25 24 51 30 14 28 46 27 30 12 52 30 40 25 29 16 23 10 28 27 19 33 4 36 10 41 13 14 22 41 32 16 22 8 0 37 25 15 44 15 16 22 42 26 24 14 11 40 19 31 15 12 27 28 16 28 28 32 16 31 19 7 41 9 16 42 10 11 49 34 15 19 8 24 10 
60 69 41 22 58 46 17 17 44 30 47 25 52 48 17 13 33 53 58 35 44 45 20 19 51 15 40 54 29 40 25 28 20 18 29 50 38 30 37 0 15 51 28 30 44 53 8 37 19 33 41 43 23 13 24 34 49 16 52 56 53 32 52 58 27 33 38 31 51 7 46 40 18 27 23 42 44 27 43 
62 58 29 36 48 41 31 8 30 17 50 26 47 36 32 5 37 45 50 21 38 34 22 19 41 21 29 51 19 43 13 14 6 28 31 40 24 20 25 15 0 39 36 16 30 44 22 23 17 19 27 45 9 6 11 26 43 18 39 49 47 34 40 51 22 20 41 18 40 21 34 27 32 31 14 28 32 13 33 
60 21 41 70 17 28 66 43 14 37 54 40 32 5 66 43 51 23 26 24 28 8 41 40 15 47 12 38 24 51 27 27 35 55 44 10 29 22 15 51 39 0 56 26 17 18 56 33 38 23 15 49 32 44 29 24 29 42 4 25 28 43 3 29 31 20 51 22 7 56 7 16 63 46 29 22 8 35 14 
36 68 63 26 55 37 25 41 55 52 23 17 41 52 25 36 9 46 49 51 35 49 17 19 48 16 46 40 36 17 36 42 39 11 14 50 56 38 44 28 36 56 0 46 57 49 23 57 23 48 52 22 39 37 37 34 39 19 58 48 43 17 55 48 26 43 15 42 53 24 50 51 20 11 32 57 50 48 44 
65 46 22 51 38 37 46 18 15 14 54 31 43 24 46 20 45 38 43 6 35 23 29 27 33 32 18 48 15 48 11 5 12 40 37 29 11 13 15 30 16 26 46 0 15 36 37 14 24 4 13 49 9 20 10 22 39 28 25 42 41 38 27 45 24 10 47 8 29 36 23 12 46 38 15 13 20 10 24 
70 37 25 65 33 38 60 32 4 23 61 41 44 18 60 34 54 37 41 11 37 18 41 39 29 44 16 50 22 56 22 18 25 53 46 25 13 20 16 44 30 17 57 15 0 33 51 17 36 12 6 55 22 34 22 28 41 40 15 39 41 47 19 43 33 15 55 16 22 50 17 7 59 48 26 6 15 22 23 
45 20 55 68 7 14 65 50 29 48 41 34 15 16 65 49 42 7 9 36 15 15 38 38 4 44 19 21 26 40 32 35 42 51 36 9 42 26 22 53 44 18 49 36 33 0 56 46 36 34 29 36 39 50 35 21 14 40 21 8 12 34 16 12 28 27 40 29 12 56 16 29 61 40 32 37 19 45 13 
57 73 48 15 61 48 10 25 50 38 44 25 54 52 11 20 30 55 60 42 46 50 20 20 54 14 45 55 34 37 30 34 27 13 28 54 45 35 42 8 22 56 23 37 51 56 0 44 21 40 47 41 29 20 29 37 50 17 57 58 54 31 56 59 29 39 35 37 56 2 51 46 11 25 28 48 49 34 47 
78 53 10 58 48 49 53 22 20 9 66 44 55 32 54 25 57 50 54 11 47 32 41 39 43 42 28 60 28 61 23 17 19 50 49 39 5 26 26 37 23 33 57 14 17 46 44 0 36 14 19 61 19 25 22 35 51 39 31 52 53 51 35 56 37 22 59 20 37 44 31 19 54 50 28 12 28 11 35 
46 53 43 34 41 28 30 24 34 32 34 10 35 33 30 19 22 35 40 29 26 31 6 4 34 10 27 37 15 27 15 21 19 19 15 34 35 17 24 19 17 38 23 24 36 36 21 36 0 26 31 29 18 21 16 17 31 5 39 38 35 17 37 40 9 22 25 21 36 21 32 30 27 15 11 35 30 27 27 
65 43 23 54 36 36 49 22 12 15 55 33 42 21 49 23 46 37 42 4 34 21 31 29 31 34 16 48 15 49 13 7 15 43 39 27 11 14 14 33 19 23 48 4 12 34 40 14 26 0 9 49 12 24 12 22 39 30 22 40 40 39 25 44 25 9 48 8 26 39 20 9 49 40 17 10 17 13 22 
65 35 28 61 30 33 56 30 5 23 55 36 39 14 56 31 49 32 37 10 32 14 36 34 25 40 11 45 17 51 18 14 23 48 41 21 15 15 11 41 27 15 52 13 6 29 47 19 31 9 0 50 19 32 18 22 36 35 14 35 36 41 17 39 27 10 50 11 19 46 13 2 55 43 21 9 11 21 18 
18 54 69 47 42 23 46 52 53 59 6 20 24 44 45 47 13 31 33 52 22 42 25 27 36 30 41 21 35 6 39 45 47 30 15 40 59 37 40 43 45 49 22 49 55 36 41 61 29 49 50 0 45 49 41 29 23 29 51 32 27 12 47 31 26 42 8 43 44 42 43 50 40 17 35 57 44 54 36 
62 51 26 43 42 37 39 13 23 15 50 27 43 29 39 13 39 40 45 14 35 27 24 21 35 25 22 48 14 44 8 6 5 33 32 33 18 14 19 23 9 32 39 9 22 39 29 19 18 12 19 45 0 14 5 22 39 21 31 43 42 34 32 46 21 13 42 11 33 29 27 19 38 33 11 20 25 10 26 
66 63 29 34 54 46 29 5 35 18 53 30 52 41 29 2 40 51 56 25 43 39 25 23 47 22 34 56 25 46 19 19 10 28 35 45 26 25 31 13 6 44 37 20 34 50 20 25 21 24 32 49 14 0 16 31 48 21 44 54 52 37 45 56 27 26 44 24 45 20 40 31 30 33 20 31 37 15 38 
58 48 29 44 38 32 39 17 22 19 46 23 39 26 39 15 36 36 41 15 30 24 21 19 32 23 19 43 10 40 4 6 9 32 29 30 20 10 15 24 11 29 37 10 22 35 29 22 16 12 18 41 5 16 0 17 35 19 29 39 38 30 30 42 17 11 39 9 30 29 24 18 38 30 7 21 22 14 23 
44 37 44 49 26 16 46 32 25 34 34 17 23 19 46 30 29 20 26 25 14 16 19 19 18 26 14 27 9 30 15 20 25 33 21 19 32 10 12 34 26 24 34 22 28 21 37 35 17 22 22 29 22 31 17 0 19 21 25 24 22 21 23 26 9 15 29 16 21 37 18 22 42 24 13 29 17 30 11 
32 32 60 60 20 4 57 50 38 52 27 26 5 26 57 47 31 9 12 41 6 24 31 31 15 37 26 10 26 27 32 37 43 43 26 20 48 27 27 49 43 29 39 39 41 14 50 51 31 39 36 23 39 48 35 19 0 34 32 11 6 23 27 11 23 31 28 32 24 50 25 36 53 30 30 44 27 47 19 
46 57 45 30 45 32 26 24 38 34 33 10 37 38 26 20 20 39 43 33 29 35 5 3 38 6 31 39 19 26 19 24 21 14 15 39 38 21 28 16 18 42 19 28 40 40 17 39 5 30 35 29 21 21 19 21 34 0 43 42 38 18 42 43 13 26 24 25 40 18 36 34 23 14 15 39 35 29 31 
63 23 39 71 20 31 66 43 12 36 56 41 35 8 67 43 53 26 29 23 30 10 43 41 18 48 13 41 25 53 28 26 35 56 46 13 27 23 16 52 39 4 58 25 15 21 57 31 39 22 14 51 31 44 29 25 32 43 0 28 31 45 6 32 33 20 53 22 10 57 9 14 64 48 30 20 9 34 16 
39 23 62 69 11 12 66 55 36 54 36 34 10 23 66 53 41 4 3 43 14 22 39 39 11 46 26 15 31 37 37 40 47 52 35 16 49 31 28 56 49 25 48 42 39 8 58 52 38 40 35 32 43 54 39 24 11 42 28 0 6 32 23 5 30 33 37 35 19 58 23 35 62 39 35 44 26 50 19 
34 29 62 65 16 8 62 53 38 54 31 30 5 25 62 50 35 6 7 43 10 24 35 36 14 42 27 11 29 31 35 39 46 47 31 19 49 30 28 53 47 28 43 41 41 12 54 53 35 40 36 27 42 52 38 22 6 38 31 6 0 28 26 6 27 33 32 34 22 55 25 37 58 34 33 45 27 50 20 
30 52 58 39 40 22 37 40 44 48 17 9 26 38 37 36 10 30 34 42 20 35 14 16 33 19 33 25 25 11 28 35 35 22 5 36 49 27 32 32 34 43 17 38 47 34 31 51 17 39 41 12 34 37 30 21 23 18 45 32 28 0 42 32 15 33 10 33 39 32 37 41 32 8 24 48 37 43 30 
59 20 43 70 15 26 66 44 16 39 52 39 30 5 66 44 50 21 24 26 26 8 41 40 13 47 12 36 24 49 28 28 36 55 43 8 30 22 16 52 40 3 55 27 19 16 56 35 37 25 17 47 32 45 30 23 27 42 6 23 26 42 0 27 31 20 49 22 5 56 7 17 63 46 29 24 9 36 13 
36 26 65 70 15 13 67 57 40 58 35 35 8 27 67 55 40 8 4 46 15 26 40 41 15 47 29 13 33 35 39 43 50 52 36 20 52 34 31 58 51 29 48 45 43 12 59 56 40 44 39 31 46 56 42 26 11 43 32 5 6 32 27 0 32 36 36 38 23 60 27 39 63 39 38 47 29 54 22 
42 45 45 42 33 20 38 29 31 34 31 10 27 27 38 26 23 27 32 28 18 24 11 11 26 18 21 29 11 25 14 21 23 25 15 27 34 13 19 27 22 31 26 24 33 28 29 37 9 25 27 26 21 27 17 9 23 13 33 30 27 15 31 32 0 19 24 19 29 30 25 27 35 17 10 33 25 30 19 
58 39 30 53 30 28 48 25 14 22 48 27 35 17 48 25 40 30 35 12 27 15 27 25 24 31 10 40 8 42 9 9 17 39 32 21 18 6 7 33 20 20 43 10 15 27 39 22 22 9 10 42 13 26 11 15 31 26 20 33 33 33 20 36 19 0 42 3 21 38 15 10 46 34 12 16 13 19 15 
23 59 67 40 46 27 39 48 53 56 10 17 29 46 39 43 7 36 38 51 26 44 21 23 40 24 42 27 34 3 37 43 44 24 11 43 57 36 41 38 41 51 15 47 55 40 35 59 25 48 50 8 42 44 39 29 28 24 53 37 32 10 49 36 24 42 0 42 46 36 45 50 33 12 33 57 45 51 38 
58 41 29 51 32 30 46 23 15 21 48 27 36 19 47 23 40 32 37 11 28 17 26 24 26 30 12 41 9 43 8 6 15 38 32 23 17 7 9 31 18 22 42 8 16 29 37 20 21 8 11 43 11 24 9 16 32 25 22 35 34 33 22 38 19 3 42 0 23 36 17 11 45 34 11 16 15 17 17 
55 19 46 69 12 22 65 45 19 40 49 37 26 6 65 44 48 17 21 28 22 7 39 38 10 45 12 32 23 46 28 28 37 53 40 5 33 22 16 51 40 7 53 29 22 12 56 37 36 26 19 44 33 45 30 21 24 40 10 19 22 39 5 23 29 21 46 23 0 55 7 19 62 43 29 27 10 38 10 
58 73 47 16 61 48 11 24 50 37 45 26 54 52 11 19 30 55 60 41 46 50 21 20 54 14 45 55 33 38 30 33 26 14 28 54 44 35 42 7 21 56 24 36 50 56 2 44 21 39 46 42 29 20 29 37 50 18 57 58 55 32 56 60 30 38 36 36 55 0 51 46 12 25 28 48 49 34 46 
56 25 40 64 17 24 60 39 14 35 49 34 28 3 60 39 46 21 25 22 23 3 36 34 13 41 7 34 18 45 22 22 31 49 38 9 27 17 10 46 34 7 50 23 17 16 51 31 32 20 13 43 27 40 24 18 25 36 9 23 25 37 7 27 25 15 45 17 7 51 0 14 58 41 24 21 4 32 8 
65 36 27 60 30 33 56 29 5 22 55 36 39 15 56 30 49 33 37 9 32 15 35 34 26 39 11 45 17 51 17 14 22 48 41 21 15 15 11 40 27 16 51 12 7 29 46 19 30 9 2 50 19 31 18 22 36 34 14 35 37 41 17 39 27 10 50 11 19 46 14 0 55 43 21 9 11 20 18 
55 79 58 8 67 51 7 34 59 47 42 28 56 59 6 30 28 59 63 51 49 57 24 25 59 18 52 56 41 35 38 43 36 11 29 60 54 42 49 18 32 63 20 46 59 61 11 54 27 49 55 40 38 30 38 42 53 23 64 62 58 32 63 63 35 46 33 45 62 12 58 55 0 25 35 57 56 44 53 
34 58 57 32 45 28 30 37 46 46 21 8 32 42 30 32 8 36 40 43 26 39 10 12 38 13 36 32 27 14 28 34 33 15 5 41 48 29 34 27 31 46 11 38 48 40 25 50 15 40 43 17 33 33 30 24 30 14 48 39 34 8 46 39 17 34 12 34 43 25 41 43 25 0 24 49 40 41 34 
52 47 35 42 36 27 37 21 25 25 40 17 34 25 38 18 31 32 37 20 25 23 16 14 29 19 18 38 7 34 5 12 14 28 23 28 26 8 15 23 14 29 32 15 26 32 28 28 11 17 21 35 11 20 7 13 30 15 30 35 33 24 29 38 10 12 33 11 29 28 24 21 35 24 0 26 22 20 20 
72 42 20 63 38 42 58 28 9 18 62 42 47 22 58 31 55 41 45 8 40 23 40 38 33 43 19 53 23 57 22 16 23 52 47 29 8 21 19 42 28 22 57 13 6 37 48 12 35 10 9 57 20 31 21 29 44 39 20 44 45 48 24 47 33 16 57 16 27 48 21 9 57 49 26 0 19 18 26 
57 27 37 63 20 25 58 36 12 32 49 33 30 5 59 36 45 23 27 19 24 5 34 33 16 40 5 36 16 46 20 20 29 48 38 11 25 15 8 44 32 8 50 20 15 19 49 28 30 17 11 44 25 37 22 17 27 35 9 26 27 37 9 29 25 13 45 15 10 49 4 11 56 40 22 19 0 29 9 
71 55 17 48 48 45 43 12 23 6 59 36 51 33 44 15 48 47 52 12 43 32 32 30 42 33 27 56 22 53 17 11 9 40 41 39 12 21 24 27 13 35 48 10 22 45 34 11 27 13 21 54 10 15 14 30 47 29 34 50 50 43 36 54 30 19 51 17 38 34 32 20 44 41 20 18 29 0 33 
49 28 44 59 17 17 55 38 20 36 41 27 22 9 56 37 38 16 21 25 16 7 30 29 10 36 8 28 15 38 20 22 30 43 31 9 31 14 10 43 33 14 44 24 23 13 47 35 27 22 18 36 26 38 23 11 19 31 16 19 20 30 13 22 19 15 38 17 10 46 8 18 53 34 20 26 9 33 0 
